10 10 10 10 23 23 26 26 26 26 0 0 0 0 17 17 8 8 8 8
10 10 10 23 23 23 23 26 26 4 4 4 0 17 17 17 8 8 8 8
10 10 10 23 23 23 23 15 15 4 4 4 17 17 17 17 8 8 8 20
13 13 13 23 23 23 23 15 15 15 4 4 17 17 17 6 6 6 20 20
13 13 13 21 21 21 21 18 18 18 12 12 12 17 6 6 6 6 20 20
13 13 13 21 21 21 21 18 18 18 12 12 12 3 3 6 6 6 6 20
13 13 13 21 21 21 21 18 18 18 12 12 12 3 3 6 6 6 5 5
13 13 21 21 21 21 21 18 18 18 12 12 3 3 3 3 6 5 5 5
22 22 22 22 21 21 21 27 27 27 27 3 3 3 3 28 28 5 5 5
22 22 22 22 22 21 27 27 27 27 27 27 3 3 28 28 28 28 5 5
22 22 22 22 22 22 27 27 27 27 27 27 7 7 28 28 28 28 28 5
22 22 22 22 22 14 14 27 27 27 27 7 7 7 7 28 28 28 25 25
22 22 22 22 14 14 14 14 27 27 27 7 7 7 7 7 28 25 25 25
22 22 22 22 14 14 14 14 16 16 16 7 7 7 7 7 25 25 25 25
1 1 1 14 14 14 14 14 16 16 16 16 7 7 7 9 9 25 25 25
1 1 1 14 14 14 14 14 16 16 16 16 2 9 9 9 9 9 25 25
1 1 1 1 14 14 14 16 16 16 2 2 2 9 9 9 9 9 24 24
1 1 1 1 11 11 11 11 16 2 2 2 2 2 9 9 9 9 24 24
1 1 1 11 11 11 11 11 2 2 2 2 2 19 19 19 19 19 24 24
1 1 1 11 11 11 11 11 11 2 2 2 2 19 19 19 19 19 24 24
