0 11.9920225460813 1.5887089102561003 6898.784582997886 1964
17.326323018935124 0.9489010120433892 3.2239742365289734 64740.193287019836 11270
17.82423982696321 11.072071328030407 2.7278326681588854 49449.678822083544 10353
7.364079266037349 13.558587017246214 2.3838548309101766 18418.025880195746 4304
2.3607451157098787 10.622731892427442 1.437880740514607 9937.622107260446 2911
7.964959937885759 19.03107496633753 2.5780455394968342 20470.26007432799 4504
5.077291679472996 16.55664651431413 2.423370469807437 37327.96025262764 8620
12.541897344715665 13.453644983102315 2.259541890128444 48508.1257243114 11752
1.2268668420722784 17.797042181167285 1.8515941074726947 18539.84801943487 4988
16.411795338214606 15.986568047749758 2.6484696326142636 34605.651236563965 7441
0.5868168902491258 1.3214178452614425 2.2470704276689255 24489.84141500738 5954
19.77800727932487 5.821869438232173 2.829388511144467 32824.007655882284 6634
5.931762860669922 11.512263233284177 1.8665595566799154 18641.735427277374 4998
4.7034908937710815 0.561901178550547 2.9496597397032285 21502.054848608135 4161
14.05812331599717 6.13164542005695 3.0007609016344032 58733.867348091444 11152
2.6718023846079526 8.37414373718359 1.3976636271521146 10551.738742352223 3113
15.354749994283512 9.49411537646148 2.3643948419719876 34224.31807197415 8044
2.2725090955882403 13.98042811284781 2.334713518649839 26925.871755643904 6384
5.965714299297819 8.286947563243322 1.9558959138206966 23292.361898676958 6113
19.408479657500955 15.473874675788554 2.2204772274229674 20376.983905860143 4991
3.4448345206872437 19.94055686662381 2.101855251935352 15752.685318413303 3984
6.47631627782272 5.370589392718072 3.0476567760553746 48011.91582453683 8956
10.992577855890826 2.652749483799413 3.304768698224989 77656.1030950261 13080
2.148540040818885 4.978635754409764 2.034943043190686 22722.4420387311 5847
18.1157919475317 20 2.2047184894467335 15377.85689016498 3783
13.499117830948308 18.64172377032176 2.1771925824004867 32037.65634962002 7941
0.6056978693516628 8.30468351058645 1.8077761512333643 4842.65214687697 1316
10.28823712250497 9.341276856360953 2.9485881258302746 55905.99021873015 10823
10.358279543797813 16.389098214489753 2.1445898718739356 26198.027084853195 6551
