3.9414694269776915 4.10305096773373 3.769370706242227 3.05593406891464 3.232483847544011 3.223862916549787 3.0 3.53141177584322 3.668501126753573 3.363118286793792 3.0089880730689376 3.406231853995274 3.4028369147558446 2.9999999999999996 3.4077722359593006 3.0 3.237241151842445 3.576382244996483 3.4867916521467524 3.0
3.743068449425763 3.8965164916898627 3.579632628418924 3.3018696563267045 3.7315300098573077 3.7215781387157714 3.2755221073202634 3.3615761665145354 3.4920725016787224 3.012417873793206 3.256277016136172 3.1062804379134135 3.002993037272554 4.005101395405383 3.99531494742209 3.517237659192379 3.330358067499932 3.679254310513361 3.587086708634402 3.0862928443911173
3.136971447608321 3.2655723892629474 3.0000000000000004 3.3637498405687123 3.801462438616907 3.7913240599254405 3.336908513383075 3.2255421875775836 3.379977401223978 3.1513665245942426 3.4064737408212564 3.2495585267909837 3.6659188753593965 4.143879947556175 4.133754394779336 3.639111514988619 3.0235697847494385 3.3403261565890334 3.256648915125554 3.6943304860562676
4.719152339893205 4.467669204097966 3.732597937121308 3.0241313123311486 3.4176505799041386 3.4085358151593406 3.0 3.0958928760574156 3.2441206312489688 3.0 3.1448644910407855 3.0 3.347261862676424 3.783676557928339 3.7744311605802836 3.456946326007461 3.706049368208471 3.5062506063429084 3.47235851420998 3.9055696842245475
5.152930367152098 4.878331245544754 4.075693233288783 3.374736875850731 4.0053903148540595 4.195299394554849 3.8778791014464113 3.2050655276895865 3.322112849708301 3.038820438382665 3.0777574031404273 3.2812817387647337 3.0872076963888864 3.048835786026745 3.255892007261292 3.9552629899697993 4.240274080854874 4.011674451666723 3.239562744365635 3.643730332786884
4.9654400198296775 4.70083223926835 3.9273983630999427 4.058676329758633 4.81714084990539 5.045537763485068 4.663787636699408 3.6162834350062107 3.7483482205999192 3.4287086857794375 3.457934942628285 3.686599460212547 3.4685525758467404 3.4431819620174684 3.2583450397564344 3.9936618004704343 4.281439859543776 4.05062092057421 3.3819450324692792 3.0
4.222546067422647 3.9975270280713286 3.3398088481750814 4.307666869795055 5.112661459138296 5.355070002676711 4.949900375910133 3.600818246914669 3.732318251902493 3.4140456689861787 3.428565427862636 3.655287813499075 3.439092881612489 4.083301862131734 3.8641020181545804 3.5586099831471745 3.815038775847769 3.6093642291398376 3.904961597018462 3.920159413658938
3.1688686813906672 3.000000000000001 2.9999999999999996 4.034716192261573 4.788703165367656 5.01575175229878 4.636255263099404 3.164121335246186 3.279673396704293 3.0000000000000004 3.0 3.198382434642157 3.985219818330152 4.2734260079394 4.0440199180111875 3.3772528191891493 3.0000000000000004 3.8728225038729964 4.405562474151701 4.422708591729768
3.0139488484296284 3.705598611344395 4.020629569455249 3.849842295146574 3.958238771157571 4.1459122369565975 3.832228622584599 3.4220584480199636 4.046700519125357 4.223066274333288 3.8892684333399625 3.0291407645735817 3.6806978980644702 3.9468814374077064 3.7350049157869343 3.0674151613473533 3.220293539604416 3.8558966060777538 4.38630827386406 4.4033794555437185
3.866398140934644 4.753670451114988 5.157803093051266 4.93871125271482 4.173262494182687 3.024247742504811 3.0 4.019959772392119 4.753739173337269 4.960919515792748 4.56880058699978 3.713260471254255 3.0000000000000004 3.216956305609769 3.055621185881782 3.635040246750978 3.816208764408804 3.5356414387140407 3.8539859546930777 3.8689853779701506
4.377140217253659 5.381619107161028 5.839136718034036 5.591103362271828 4.72454062788981 3.5231801029161613 3.1100597212505785 4.167438323054793 4.928137576109089 5.142918655477651 4.736414226684674 3.8494872753866023 3.005019075046878 3.1803445456900055 3.1955775844480456 3.8015357351084056 3.991002301419033 3.697584170578318 3.023203274997911 3.0
4.373081129805751 5.3766285284993725 5.833721866011389 5.585918520948195 4.720159382919815 3.412557416384803 3.4691779476240288 3.812675510212374 4.508618482352392 4.7051158262567485 4.333216025873913 3.0383526009108794 3.643778103292379 3.8563714662376354 3.6017949902515403 3.5085051686276203 3.6833672437210714 3.41256641469918 3.1387916527885626 3.0013235454537894
3.8556517415510108 4.7404579366910315 5.143467318524261 4.924984429550848 3.831558818758058 4.413762058041389 4.486994394379509 4.025458249500713 3.6401337435155767 3.7987802590407127 3.49851865609534 3.251292563194663 3.899148718162076 4.126641478456335 3.854223259817144 3.1768022864827588 3.0000000000000004 3.493877529655484 3.785687963111283 3.6198880576646775
3.0 3.6884487405369937 4.0020217047314555 3.832024850540322 4.373384249411292 5.037917562634255 5.12150577344829 4.59470323640641 3.225981649994272 3.431514516022007 3.221239217390328 3.070344582376618 3.6821448423966046 3.8969766825103918 3.639719673034234 3.0 3.028860320931934 3.7188031712118708 4.0293995089819425 3.8529258893636094
3.443150983339299 3.4212283804708714 3.0 3.374836484684603 4.405274406072772 5.074653410928776 5.15885113624826 4.628207222716722 3.821263170300475 4.064722450746003 3.815645629652928 3.1609553472434593 3.0686342352270426 3.2476712822762046 3.0332778511865013 3.6465440495724435 3.640426660845078 3.493107066961633 3.78485315098024 3.619089807388109
4.6051599957536204 4.575838861065952 4.012452562815612 3.0 3.9159891977561716 4.511021586341863 4.585867635062962 4.114161302676494 3.9945254656468974 4.2490235863589705 3.9886532165578164 3.3042782105331616 3.0000000000000013 2.9999999999999996 3.8456140635357228 4.350341294834615 4.343043226187854 3.8262924764529034 3.1374074856504564 3.0
5.435588478316774 5.400979990875201 4.7360006906044525 3.664916932135672 3.072014024908402 3.538804853661807 3.597520059391165 3.057214224996352 3.684992680644221 3.9197699326925624 4.193872095650042 4.231825037834711 3.7683689441637456 3.1584667556621557 4.048748058261478 4.580136118506463 4.572452549439352 4.028405861438905 3.0 3.399445359200479
5.6618923158323184 5.625842947877095 4.933178077199392 3.817501103882029 3.2072415879835576 3.5542530515964663 3.4759874915876416 3.0 3.0000000000000004 4.06594219080101 4.649010556463106 4.691082328048217 4.177329828498154 3.282748935259041 3.7617419293005425 4.255461152672416 4.248322253558295 3.7428417424723177 3.449006719192686 3.9082366284702816
5.204629641293282 5.1714916728291005 4.534767426532339 3.1897051385484163 4.005474935957049 4.438852242237604 4.341107582110181 3.746654088327055 3.0699662245523602 3.9775874842374024 4.5479855186608615 4.5891430522025916 4.08655461972824 3.039445054139623 3.6543172806975703 3.877317775944203 3.630527498804965 3.0000000000000004 3.4992906465877285 3.9652157830120993
4.222126548179414 4.195244194189171 3.678717461368454 3.5154916567657235 4.414581632818062 4.89222274329206 4.784494748933393 4.129325632367076 3.1451066114130515 3.433930261878976 3.92636621193289 3.961898327943745 3.528003753812239 3.1986693908190533 3.8457523073787683 4.080434904226963 3.8207162742218275 3.1571579684876085 3.1331355271825427 3.5503076758756142
