62 62 69 69 69 0 0 0 0 21 21 21 43 43 43 80 80 26 26 26
62 62 69 69 69 46 0 0 0 34 21 55 55 43 89 80 80 26 26 26
87 30 30 30 46 46 46 0 14 34 60 55 77 89 89 80 80 26 26 66
87 30 30 30 46 46 46 14 14 34 60 77 13 13 89 89 80 38 66 66
67 8 8 73 73 25 25 25 25 61 61 61 13 13 41 41 38 38 38 66
8 8 73 73 73 25 25 25 22 4 4 29 29 47 41 41 38 38 38 38
8 8 73 73 58 58 22 22 22 4 4 37 37 47 47 41 44 44 44 44
76 76 76 58 58 58 22 22 22 82 82 37 45 47 47 47 44 44 44 71
76 76 76 24 58 57 57 22 22 82 82 9 45 45 72 72 44 71 71 71
15 15 75 75 24 64 64 78 7 7 56 12 12 72 72 11 85 85 71 71
31 31 75 75 28 28 78 6 7 7 56 12 12 72 11 11 85 85 27 27
31 31 31 75 28 28 6 6 51 2 2 3 20 20 11 11 27 27 27 27
31 31 31 65 65 65 33 33 51 2 3 3 20 20 20 70 70 27 27 23
17 17 42 42 65 65 32 32 32 2 3 3 20 20 74 79 70 70 23 23
17 17 42 42 42 65 83 88 88 84 84 84 20 74 74 79 79 23 23 23
5 5 49 42 42 83 83 88 10 84 84 84 39 74 74 81 81 81 59 68
5 49 49 53 18 18 83 10 10 10 84 39 39 39 86 81 81 81 59 59
36 49 53 18 18 63 54 54 54 54 1 39 39 39 86 86 86 52 59 59
36 36 53 35 35 63 50 54 54 1 1 1 39 39 86 86 52 52 16 16
36 36 40 40 35 50 50 54 54 1 1 48 48 48 86 19 19 19 16 16
