5.238742274528495 5.671559683398871 5.418650867997628 4.568704008359277 3.399445359200479 3.072788721781888 4.068149146758663 4.753070138239163 4.900775056334039 4.459318628993214 3.5808442399088456 3.3994453592004796 3.8273482836219705 3.802779055555719 3.3343976569314138 3.7456096874728186 3.9431456825473545 3.6633323033271297 3.399445359200479 3.562486278663013
4.6231738307103765 5.005133853423172 4.781942607195235 4.031867136202888 3.0 3.0000000000000004 3.971782164443353 4.640478635462017 4.784684695300609 4.353685560008782 3.4960206159234466 3.0 3.377623005408857 3.355940737741495 3.3042162408935987 3.9416274601048666 4.149501042114493 3.855044280394795 3.0 3.14388310642023
3.6005313996324673 3.898002164423165 3.7241806470861647 3.1400212829146725 2.9999999999999996 3.924623652320767 4.530936427811324 3.9982000649206113 4.122446877178846 3.7511013962330115 3.0121439945294037 3.0 3.473156701289427 3.5484663517429578 3.068560614932966 3.660511873625144 3.853559979480125 3.580103778087748 3.6160691386969535 3.8038282967371986
3.815186375434763 4.471741694167385 4.625416542300348 4.222193951749494 3.6651250168932945 4.794745443337326 5.535482817174807 5.63973436168167 5.070782467920404 4.023504591717715 3.4957766777066133 3.5188270144540517 4.073812541976452 4.1621464194647775 3.7527260080260927 3.0 3.158214025130698 3.7322076640724475 4.44873759387385 4.67973185668508
4.777337132065576 5.599468948123729 5.791899012085279 5.286987832193903 4.259011675947333 5.1694731396253015 5.9681019725470685 6.080501174019081 5.467083513520583 3.9225638580451063 4.470025098443661 4.495345650007484 4.216876610689208 4.308312595549543 3.8845141661557037 3.090860484785667 3.0 4.0520897358892505 4.830032400215055 5.080824844161047
5.279213324233531 6.187713000439958 6.40035852441404 5.8424046361389355 4.706435942486194 4.918585224757076 5.678454532823296 5.785398710054246 5.201751796714902 4.426388136916335 5.044166719399212 5.072739508299108 3.8520679163786227 3.9355936289380464 3.5484586748961156 3.683984420833343 3.6062251611164737 3.8824466655840117 4.627820312267194 4.868113186121355
5.1483222456710624 6.034296879756828 6.241670140559297 5.69754997745101 4.589746117911502 4.129973912299531 4.76801112740656 4.857808628487367 4.367739550502714 4.4080057646465285 5.023218770968381 5.051672899772033 4.4833386074344785 3.172681533898588 3.9734586188916596 4.407482117880457 4.314451717218719 3.727124132024206 3.913056526556817 4.116236325009163
4.430731404932454 5.19321585091252 5.371684714230725 4.903405888683626 3.950011536748047 3.060325391580152 3.5331132424549634 3.5996535108667387 3.0 3.873896417326147 4.414565279467207 4.43957167771529 3.9401013284276267 3.337689892152606 4.195219205890802 4.65346575968872 4.555243288783333 3.9351366759089363 3.0000000000000004 3.0715184213280025
3.3651026310015597 3.9442030504963834 4.07974862674941 3.7240948612928495 3.0 3.069542630771038 3.4517792051696228 3.425512341241612 3.0 3.0044642737584106 3.4237889291547554 3.443183053844232 3.0558105847392905 3.109890781857531 3.9088932638547704 4.335864246636824 4.244345511610508 3.666561504869473 3.0 3.030528358662144
3.0576337395379216 3.442845520393572 3.421076618075966 3.0 3.1548690885667097 4.020105882711643 4.520711896755276 4.4863108191684 3.929027577996368 3.0366447313640137 3.0000000000000004 3.5992405835318397 3.8107783503804926 3.5606533212598963 3.2141501052120436 3.5652338357199667 3.4899810897486883 3.340260325465156 3.8235275432655476 3.8624362166640136
4.140167699541956 4.661761032307382 4.632285001524355 4.062129135356443 3.6463500201286383 4.646377632424826 5.224970498924338 5.185210253275495 4.541110704096365 3.5097080945324173 3.7010912158121925 4.440372569101481 4.701346092666839 4.392767576622502 3.622158219618848 3.1083080913975727 3.476381712474298 3.4311842846573795 4.300514151387514 4.34427669753591
4.947246994882266 5.5705191025217395 5.535297049867081 4.853995687164849 3.719191640580295 4.739196389293431 5.329347565265413 5.288793045696999 4.631826587242731 3.579820075967765 4.029503269022639 4.834383899113499 5.1185146067929645 4.782554732624356 3.9435662446023874 3.526630942428932 3.9442407105125725 3.8929605147371027 4.2686419584149045 4.312080169317162
5.2170193041703214 5.874278305119684 5.837135601546981 5.118683022799257 3.9612283651278277 4.265874727047976 4.797085248815752 4.760581064164255 4.169228357623199 3.222289758649699 3.8715638489298914 4.644896575601066 4.9178905658726 4.5950988923873215 3.788995191004283 3.5310930179497584 3.9492311674699137 3.897886089343553 3.739144652071407 3.7771946350807655
4.855058685632227 5.466716575937205 5.432150860329375 4.763545047451568 3.607943038932025 3.66760698864735 3.290175776188186 3.781608333033722 3.311862246857099 3.0000000000000004 3.2827252011633528 3.9384392562032877 4.16991270894725 3.8962154634352837 3.2988091860690125 3.120121401172111 3.4895939079376928 3.444224704608144 3.0 3.198878060157708
3.987307353736259 4.489642786097002 4.4612550484908375 3.728011761227557 4.29424880267958 4.365262075855869 3.9160356011839093 3.1002458162124564 3.6916354881303435 3.956530316397169 3.7421687960935275 3.123528249992191 3.1202418448075178 3.5647250271440067 4.122856099594866 4.2080753550253664 3.7903736947418887 3.0 3.683609682655786 3.9915276936078667
3.0950638662923926 3.065630237696698 2.9999999999999996 3.9157773897994557 4.5105336154221645 4.585123554319729 4.113271268145462 3.5378771583245996 4.296603175675278 4.604907710077622 4.355417642100822 3.635397222011438 3.0 3.9316984978356264 4.547286820200156 4.641279040080076 4.180576748101118 3.3035121313901348 4.05628309131985 4.395353386204424
3.969116271823587 3.931370525937597 3.436428586498944 3.629709805907592 4.181016044584733 4.250156806606551 3.8127757454338256 3.633811306920677 4.413111168764786 4.729775782302892 4.473520466075962 3.714002589642575 3.404661018000396 3.826903998687967 4.42608458532229 4.517571560303214 4.069148710903763 3.0 3.941813732720024 4.271315376131838
4.491911771766978 4.449194313101676 3.8890606783456922 3.0 3.4201797731510344 3.4767387131899157 3.118949639282913 3.293784521212258 4.00016292270943 4.2871962643969885 4.034702071478811 4.1911186667167435 3.84203780206775 3.0 3.157250884554958 3.8636405802743194 3.8616424477104383 3.4061250651325614 3.5809776553608383 3.6134935827182493
4.486232768973347 4.443569316837876 3.8841438439154743 3.0 3.0529303564220225 3.553665118492193 3.6504742670047663 3.3092933990527795 3.1998062489375863 3.413556691164523 4.018022981175719 4.173792964477837 3.826155168278859 3.312838348664467 3.4864872689028257 3.871232401932415 3.8692303431580704 3.412817896285561 3.7308782893234183 3.764755341656703
4.067062246790655 4.341202503688736 4.089332838150301 3.3994453592004787 3.45942331070037 4.026830131736968 4.136529268616708 3.7499206958809164 3.0000000000000004 3.0 3.5312344378891667 3.668132691583302 3.362611652106688 3.2284378081497143 3.397662708503786 3.1555952393263165 3.421293245268926 3.0 3.43031294034547 3.4614608047323037
