13 13 13 13 9 9 9 9 10 10 10 18 18 18 18 19 19 19 19 22
13 13 13 13 9 9 9 9 10 10 10 18 18 18 18 19 19 19 19 22
13 13 13 2 2 2 9 10 10 10 10 18 18 18 18 19 19 19 17 22
20 20 2 2 2 2 2 10 10 10 10 10 18 18 23 23 17 17 17 17
20 20 20 2 2 2 15 15 15 10 10 11 11 23 23 23 23 17 17 17
20 20 20 2 2 2 15 15 15 15 11 11 11 11 23 23 23 17 17 17
20 20 20 4 14 14 15 15 15 15 11 11 11 11 23 23 23 23 0 0
4 4 4 4 14 14 14 15 15 27 27 11 11 26 26 23 23 0 0 0
4 4 4 4 14 14 14 14 27 27 27 27 26 26 26 7 7 0 0 0
4 4 4 4 14 14 14 14 27 27 27 27 26 26 26 7 7 7 0 0
4 4 4 4 14 14 14 14 27 27 27 27 26 26 7 7 7 7 7 0
8 8 8 8 5 5 5 5 5 27 27 27 12 12 12 7 7 7 7 24
8 8 8 8 5 5 5 5 5 21 21 21 12 12 12 12 7 7 24 24
8 8 8 8 5 5 5 5 5 21 21 21 12 12 12 12 12 24 24 24
8 8 8 8 5 5 5 5 21 21 21 21 21 12 12 12 12 24 24 24
1 1 1 16 16 5 5 5 21 21 21 21 21 12 12 12 6 6 24 24
1 1 1 16 16 16 16 3 3 3 21 21 25 25 25 6 6 6 6 6
1 1 1 16 16 16 16 3 3 3 3 25 25 25 25 6 6 6 6 6
1 1 16 16 16 16 16 3 3 3 3 25 25 25 25 6 6 6 6 6
1 1 16 16 16 16 16 3 3 3 3 25 25 25 25 6 6 6 6 6
