8.422640207524395 19.26440267399808 2.090676877810998 17756.67128709483 4504
17.08281309383385 1.0236758634242866 2.4732628144364806 32406.023117158467 7370
3.774014034487845 4.500822347475342 2.0194983924858776 25656.930962036822 6628
17.9637525934929 9.074312894207191 2.199662970290407 29206.928336761015 7195
8.785457547126663 2.020247209631644 2.722679658043002 37581.2591756607 7882
13.406223260446392 6.424753718378251 2.817859870194359 52431.29590213111 10640
18.02027872204556 17.32547313715973 2.6532648699137504 46864.81854607648 10061
10.470199965715103 16.519747868635893 2.2541034626269583 29434.473018854227 7142
12.943554560580392 1.6754414296056568 2.3982360981958277 34914.63060147569 8124
0.2335829421983533 6.228237928669465 2.282652164327306 13652.731544209992 3286
2.4090780480043614 9.417230805872945 2.354643016911014 29026.635059351287 6842
6.454966666012865 12.053282147514764 2.031751904140859 23274.823620348936 5994
13.054587205206149 14.32302902597135 2.713909433022301 53494.485514892694 11253
1.0765433662468167 2.264574416488324 2.2671461486858435 24922.642977027383 6025
8.682254536041368 5.836691776011658 2.559097451081206 32344.160832891503 7160
5.956657038659392 7.98006675283846 2.076643282110274 24562.02607591571 6253
18.11343058149153 4.238092566706209 2.7783778501279857 47201.987056751015 9712
4.074446204777536 18.287086734951608 1.8771434256399568 20867.84537580294 5581
1.3036559694140082 13.14563800317411 2.289274018511845 23918.79902805623 5746
1.036681112614076 17.161420956041805 2.213960649911205 20332.063800331358 4989
5.42728129799429 0.9776561665405159 1.9968115289009392 13848.735679924714 3598
14.504476424565809 10.57307751755953 2.2997211968097484 33827.29707735009 8102
1.7430541380963787 20 1.3398446142141 6568.095757683819 1957
5.385618180903602 15.729182945450374 2.398661328039832 39182.95812133647 9116
13.747229794674501 19.55377652889473 2.2478731425800627 24705.183953451306 6005
18.530147663365955 13.09190826270198 2.470672352967347 39827.07670133465 9065
8.699658091490841 13.039365356342962 1.8901410261487286 11690.456884989599 3117
9.343397382461651 10.500008363346964 2.3771730220447 36664.65663453751 8585
