3.3350125654326312 3.9061344339941924 4.03747723938349 3.6828682092473892 3.432047668495948 4.001570111735532 4.1173780004836225 3.7387311688616607 3.2051713849864933 3.3767692660111646 3.139530494406402 3.375476669439151 3.895185487491488 3.966745759159991 3.5649527536002483 3.3684140002477507 3.894711588643684 3.9740957959959813 3.578611474994844 3.0000000000000004
3.367074841525689 3.943687384162185 4.07629289822397 3.718274713727505 3.118508799614559 3.6360018307060993 3.7412299496045676 3.3971748575968466 3.8224834118276783 4.027130831555079 3.7442001672700536 3.506062265075211 4.045876831799172 4.120205524527821 3.702868527973129 3.383894109012299 3.9126103858207277 3.9923594165480356 3.5950575813389287 3.291995961098156
3.0 3.513750869620012 3.6318998745898874 3.2853175955352483 3.4975618841529346 3.2859930831261552 3.0 3.369893779612366 4.023028894219606 4.238413081406219 3.940638541964814 3.213788766082361 3.7086031359201046 3.776735616072677 3.39418880149999 3.0000000000000004 3.4687347710440797 3.5394364787437196 3.1933745068234525 3.18794281501127
3.0083906495476294 3.0 2.9999999999999996 3.619062745032136 3.8528682677694213 3.61980685329683 3.0012337748435374 3.1299467150617186 3.7365765497538788 3.936624703567951 3.6600526504093938 3.0030588425611597 3.0000000000000004 3.055114401020159 3.1316433046430374 3.4304990712572394 3.0000000000000004 3.523652629881788 3.6523981250261985 3.34099883365825
3.5959759553920736 3.5859464819831146 3.1557603700770205 3.518261010447337 3.745554349255295 3.518984393068658 3.0 3.3909856548436905 3.3825470029205325 3.226695143137589 3.0 3.0 3.0200474920498674 3.0 3.7238577363638323 4.079229102225723 3.943449678721813 3.5565959945836254 3.686545158263434 3.3722345298537935
3.793259183188302 3.7826794705920523 3.3288923931170187 3.0183749505729565 3.213373706564287 3.0189955526196472 3.3810774081196646 3.821728329616623 3.8122177511591646 3.3558981879211323 3.1544774411522782 3.5983777608657004 3.6224239107168246 3.2181403407745277 3.907752612991819 4.280673245799148 4.138188641243331 3.1680291703790093 3.2837810696194474 3.003809647259886
3.5311929308203545 3.5213441426079473 3.0989080150743122 3.0 3.0 3.3307541861271432 3.3628087031190947 3.801078690753455 3.7916195000435264 3.337765531786184 3.339074546579728 3.808951502882279 3.8344048112063995 3.4064629402695763 3.618880421145309 3.964233699707724 3.832281962530864 3.2694059659549937 3.0169363132480314 3.1183131074148442
3.7217789950466353 4.22801527005435 4.23872951161597 3.750144910587142 3.7020773412222363 4.110236533880803 4.027182700302623 3.3363153929210627 3.3280127909131427 3.244345378465651 3.453591288638341 3.558093217901027 3.5818701664005457 3.382758899903903 3.0 3.2398105078730843 3.131971602041369 3.07720446115639 3.6040992441760284 3.7252062180386076
4.105731694974759 4.664193205508136 4.67601276847136 4.137023944903259 4.03165081130014 4.476145938913611 4.38569832675851 3.7921583355734345 3.1814504998589817 3.837565841825136 4.0850718449622265 3.8375738655571827 3.6738061069220276 3.6919282426936335 3.27418685629518 3.0300385392099223 3.233431063570789 3.2441441407215565 3.799623194741765 3.9273002745771306
3.9970882767165365 4.540772112531359 4.552278913283595 4.027552489829727 3.8746593128808176 4.301845908731435 4.214920304514342 3.6444926156960205 3.320986567378265 4.005878643309345 4.264240076812774 4.005887018956351 3.5384383029736717 3.55589269699439 3.153543721749196 3.6413348605912343 3.885760890080612 3.6593564606322504 3.535065854585354 3.653853129587722
3.4340775960361776 3.9011807347820677 3.9110667427783086 3.460250766226658 3.2862252205421267 3.64853613662576 3.574811690210706 3.091013320826692 3.0593013424725894 3.690225679212353 3.9282288943184462 3.6902333948798507 3.0076009485060586 3.0224368301909803 3.193625674622034 3.86176885105559 4.120991598538915 3.880881417284469 3.2253155190251994 3.0
3.4607619872372966 3.7656442835064645 3.615930237979844 3.064177951784334 3.1150195536626253 3.722254913830123 3.9252257247591724 3.6528879498072353 3.0000000000000004 3.0 3.1934867152815114 3.0000062725167798 3.320723899988199 3.917922071950303 4.079359773399275 3.614307686016736 3.856919505821347 3.632195523866393 3.0186381215062608 3.0
3.893985224131651 4.237033131254327 4.068577662985898 3.4477562202661933 3.713643005581735 4.437572762419521 4.679549135074277 4.354875323021702 3.5765197697220734 3.022451687670299 3.246907512876638 3.0781774922132095 3.7886365384367027 4.469984004569395 4.654169378846667 4.276530656957522 3.185610037079507 3.0 3.4826515624598136 3.732267706025821
3.866607209580826 4.2072431993354975 4.039972115700282 3.4235155735936837 3.9070837221154706 4.668722405382727 4.923303135225347 4.5817173220060505 3.7628178457385997 3.6478132272161297 3.918710172055139 3.715069000976926 3.814576321581514 4.500588791954767 4.686035234328365 4.3058109209068824 3.491544245647354 3.1486557165904268 3.823620204022398 4.097674990345902
3.3882777453137374 3.686774406800022 3.540196060618032 3.0 3.6275923078822574 4.334747522695493 4.571116938606579 4.253966307433233 3.191696953169815 3.885250363188294 4.173780062425552 3.9568838332028924 3.3104743735001 3.9989492196600436 4.163725638990843 3.8258814608756033 3.1023736630858876 3.050725189624987 3.704696709299675 3.9702277534113355
3.6958321609545624 3.7067861141635 3.2809227452639647 3.065310144891707 3.157909709244302 3.5517529647514277 3.745426476148169 3.485563430227962 3.0 3.6518978025119346 3.923098079484382 3.719228884753426 3.111643513221694 3.135708145080505 3.2649147770808753 3.0 3.001238455486554 3.1258591209916977 3.167697932744062 3.3947400378104393
4.231503547489636 4.244045159187362 3.756457444766141 3.9921405915502644 4.112738659001258 3.7391216011178656 3.0000000000000004 3.0410567377223576 3.4781278604195194 3.510587104255724 3.254182920069046 3.085074822850915 3.322226607333181 3.3606142031645247 3.0 3.2735522821054666 3.863447278427169 4.023869510156696 3.6985030123457356 3.0000000000000004
4.275534035662706 4.288206147850227 3.795544888091702 4.588285380514264 4.726892310083543 4.297483163465431 3.447988823509218 3.430390627613176 3.9234181546246103 3.960033020915636 3.5273309340728844 3.509294949019415 4.0225003259389975 4.068979430164685 3.632353359394655 3.7188354207880647 4.3889705577335025 4.5712141348099395 4.201589839083424 3.408073340801697
3.812406633038674 3.8237060974226207 3.986539856139814 4.653805265104992 4.794391476535732 4.358850445042257 3.4972254797001914 3.4148829407879315 3.9056816497680966 3.9421309920878813 3.5113850114673704 3.7497291323356814 4.298096021030628 4.3477595727388225 3.881218708750993 3.728274032149086 4.400110009384909 4.582816130807204 4.212253708037624 3.416723220700621
3.0 3.0088915995628773 3.568347035762472 4.165615501667964 4.291454050617959 3.9016017965914376 3.1303623252784805 3.0 3.4311703072904645 3.463191324952089 3.084777785083174 3.5358441335204533 4.052932109206083 4.099762845976615 3.659833528748469 3.2985409714986824 3.8929389363290214 4.054585752538951 3.7267355667792144 3.02290052570397
