30 3 3 29 29 12 12 12 12 26 26 17 17 17 17 17 18 18 18 18
30 3 3 29 29 12 12 12 26 26 26 26 17 17 17 18 18 18 18 18
30 30 7 7 7 12 12 12 26 26 26 26 26 24 24 24 18 18 18 33
30 30 7 7 7 7 12 12 26 26 26 26 24 24 24 24 24 18 33 33
14 14 7 7 7 7 31 31 6 6 6 6 24 24 24 24 24 19 19 33
14 14 14 7 7 31 31 31 6 6 6 6 24 24 24 24 19 19 19 19
14 14 14 16 31 31 31 31 31 6 6 6 4 4 4 4 19 19 19 19
14 16 16 16 16 31 31 31 31 6 6 4 4 4 4 4 19 19 19 19
16 16 16 16 16 31 31 31 25 25 25 25 4 4 4 22 1 1 1 8
16 16 16 16 16 21 31 25 25 25 25 25 4 22 22 22 1 1 1 8
16 16 16 21 21 21 21 25 25 25 25 0 0 22 22 22 1 1 10 10
28 28 21 21 21 21 15 15 25 25 25 0 0 0 22 9 9 9 10 10
28 28 21 21 21 15 15 15 15 25 0 0 0 0 0 9 9 9 9 10
28 28 23 21 15 15 15 15 15 11 11 11 11 11 11 9 9 9 9 5
28 23 23 23 15 15 15 15 15 11 11 11 11 11 11 9 9 5 5 5
23 23 23 23 23 15 15 15 34 34 11 11 11 11 11 11 5 5 5 5
23 23 23 23 27 27 27 34 34 34 34 11 11 13 13 13 5 5 5 5
32 23 23 27 27 27 27 34 34 34 34 13 13 13 13 13 2 2 5 5
32 32 32 27 27 27 27 34 34 34 34 13 13 13 13 13 2 2 2 2
32 32 32 32 27 27 27 20 20 20 20 20 13 13 13 2 2 2 2 2
