11.643378047619144 12.897742947785764 2.5461681823786018 29021.392255475443 6451
9.889242683052615 17.698114854627416 1.8345229454258956 12787.746666166333 3454
20 16.964700293243414 2.945801181865475 29366.580378939198 5691
0.6877206762557371 2.122015812147502 1.0230842440111925 9336.215189183844 2915
7.76426010983606 13.775391712030757 2.29068567220141 16153.588613866841 3879
15.39014130932395 19.2638402418572 2.9783551157943573 28798.262371703626 5514
5.8343002901408765 9.791722596892283 2.167618266724672 26844.00777105457 6671
3.3048957193907844 3.9919488262369374 2.253130887878227 26550.515902425042 6444
9.40946951816864 20 1.0378510512004593 426.785840181236 133
12.267691467955794 16.983933537799466 2.6805335526427188 28974.524084546207 6164
10.421881907763003 18.912801728211363 2.159485266371201 12852.477420593048 3201
14.441795308655976 12.409602012131698 3.2665512229571654 59661.16588392749 10208
1.2520266614926703 6.451828342802221 2.480332226455264 16577.82595640174 3762
18.428925651850076 13.74727323603263 2.6063010723039595 45509.31965273581 9922
5.770027231152379 0 2.6043924902477857 12793.548346482847 2791
13.344219667401822 5.95025428924898 2.7994698367215856 48294.5402008766 9864
9.297053099072285 2.5903364995165052 2.9412571671211882 40573.679051281346 7876
0 12.837165961957844 2.7093698740031593 21691.45302641667 4570
1.2363415225220111 18.16702709911435 2.680027861824633 29580.59053472713 6294
5.9450213283063835 18.59370314116708 2.6079784341046492 33992.32477586984 7407
20 9.139243502832075 2.41312478726662 9488.763860542598 2198
11.498447674767196 4.264843994659009 2.448023718729031 21051.551890503008 4825
10.021202017326912 14.668598636246823 1.733575439711266 15630.667636430535 4318
15.447713268550045 2.358585728779608 2.2246461025856563 36272.27169530917 8874
3.9781646695113397 14.3597132413107 2.4030222872520097 39634.534140184696 9209
9.863051564788034 9.66685271695416 2.642221958716153 32705.64974180607 7047
2.022569429326164 10.212201215999922 2.3370843429123775 24412.13818354576 5784
17.744752587216773 5.6110436181963035 2.242075782047319 26809.095026324805 6527
13.224467876458114 0 2.285561081427481 15876.274976437247 3818
0.6444256164595954 3.63916382012655 1.2136912516573801 3697.1839805402624 1124
1.788825067160241 0.08600067973217307 2.219800380326355 13050.086561043778 3197
6.937570246012812 7.38633478033484 2.919314334628301 41511.13042380101 8123
20 1.43594413254687 2.669455266388428 17412.22667054956 3718
2.989684164080693 20 1.5909286358063441 10254.345931410482 2918
17.906519236306345 8.685488648271507 2.5406226750163134 31619.854104841434 7041
