3.640251612294824 3.1194203650711056 3.167362367010982 3.281050380521991 3.1363480655226725 4.0194505127107165 4.252996306214046 3.9713349221448673 3.272587097623141 3.537408777425331 3.632494590754876 4.178821661735017 4.639817589853896 4.546332200851026 3.9312857822303786 3.0 3.8188448658188037 4.418615329460791 4.5118386823021845 4.06568868929223
4.017484405228191 3.0 3.0461066445003953 3.1384115971597724 3.0 4.148092282524546 4.389112665928619 4.09843676138698 3.4545441248026005 4.019733689334639 4.127784432482496 3.7406745570190933 4.094624651603586 4.012124085371637 3.469347525993167 2.9999999999999996 3.933346837488497 4.5511004617587 4.647118968129774 4.187591879255753
3.912822851067374 3.4903749126510375 3.442814093282641 3.8972952645077927 3.8933750123305755 3.777837931816134 3.997345089504202 3.7326146102261353 3.464303771367669 4.03109008794363 4.139446091938105 3.75124256838978 3.0000000000000004 3.5850222941576164 3.749898781166231 3.461468784184656 3.575243788372292 4.136755371044403 4.224032080334339 3.4082237039661307
3.3630967580747444 3.0 3.5765589544206215 4.04869560151185 4.044623057178025 3.56577692749977 3.212770811017663 2.999999999999999 3.065874538426285 3.5674748169817168 3.6633688077102287 3.3198125328791948 3.4180531045006517 4.051289706416799 4.237610002314741 3.9116668471780014 3.186514677605385 3.318306107280421 3.0038709336781633 3.403831701709815
4.080034649400023 3.600617940533346 3.2789167778146515 3.711762088991512 3.7080284628679814 3.269032034009176 3.3561799993350796 3.5222333744529393 3.2437053886933245 3.581141625723849 3.4891109584257407 3.0 3.408736534787564 4.040247126964758 4.226059570593404 3.9010048370330677 3.177829210987971 3.7375943524435153 4.025523948121304 2.9999999999999996
4.4922733370731205 3.9644173055303935 3.087491301968899 3.0030207099224713 3.0 3.5955891403740594 4.275921791980027 4.487481137855087 3.600252029122202 3.974779105873119 3.8726324689324088 3.329758653487801 3.0 3.555787095070887 3.7193190445768285 3.4332411413041486 3.4464921876478947 4.206242995869788 4.5302754431929015 4.305940730845513
4.364974243854605 3.852076250063224 3.0 3.0 3.0 4.0426650333409615 4.807590311038693 5.04545496594101 4.672899134931448 3.8932983840035287 3.7932456953031584 3.2615004857982277 3.4041788107956767 3.750644541499714 3.6468058211053047 3.129194524296542 3.4228879433630803 4.177435390400194 4.4992486128922655 4.276450318172862
3.7429186416882354 3.9085239689293076 4.207850148117812 3.997798865575382 3.3519289580353546 4.011239986005642 4.770219232345005 5.006234882202863 4.636575057794879 3.365391322285753 3.278905156286492 3.0 3.7454293353149866 4.126626382704203 4.012378391889676 3.4428793605198065 3.0 3.661325283961019 3.9433794100238333 3.748107202689609
3.76783051692367 4.596482966484497 4.948495054679453 4.701471587516481 3.941918863221456 3.512389930699355 4.176980199980844 4.383644222811772 3.795172698467798 4.125084507626354 3.956829589489748 3.3494618311458026 3.636671231502965 4.006799249325427 3.8958687406292145 3.0 3.0000000000000004 3.2735553114792943 3.152327290189082 3.0
3.9103661476043006 4.770366211921864 5.1356947868252085 4.879326513539233 4.091040191459939 3.090091895124188 3.227748469833615 3.4323830017100025 4.2275023693568485 4.594996305919914 4.4075745147151 3.731018046413509 3.1161593940902472 3.2677866221694556 3.5526283552592366 3.4084666957544414 3.3527054739007216 3.6584222706378036 3.5229416537811877 3.1575486359680927
3.581431750917239 4.369089842225334 4.703687500932508 3.9522925014477384 4.085325022438828 3.72663912773363 3.0 3.374125630221889 4.155749544606288 4.51700605639149 4.332765349847026 3.669243996111575 4.104990849166255 3.2764585670869817 3.562056203822003 3.4175119728353494 3.306608227810306 3.6081216423765197 3.9710938896542323 3.9280448628678224
3.399445359200479 3.0 3.591235345478697 4.206377180440332 4.347962085997901 3.9662170198417126 3.8843914906178494 3.4067137850381495 3.605189205146846 3.918585877058267 3.758753673684794 3.976523325318261 4.448761619348919 4.392258845439742 3.1518456933279864 3.948074486092555 4.464778836529961 4.455821184350605 3.694247330424007 3.654199485497105
3.961690282554243 3.4961794033536098 3.372998832776556 3.950758988186547 4.083739891759382 4.623777507624859 4.595115077232175 4.030037115273759 3.119140152893616 3.0 3.0 3.803151849957901 4.254801141219111 4.200761818036406 3.660075452218369 4.082417843848253 4.61670438470513 4.60744192544181 4.057895536049087 3.0000000000000004
4.074423473478001 3.595666095162304 3.2206360480193448 3.2746587615391918 4.286444860883528 4.827069099463739 4.797146480601588 4.207223984447881 3.256278015994653 3.2575062621864905 4.402454401490231 5.250705536285866 5.526544229783624 5.133373053781556 4.207897892234696 3.725312925592583 4.212863351040473 4.204411115003826 3.702935679141132 4.163055868481146
3.6979837635042796 3.690344495695644 3.8595207936970657 3.5621569462079195 3.9490898871307247 4.447165514510846 4.419597887869164 3.876103911074762 3.0 3.4424601166882867 4.652415827589679 5.548828747609533 5.840328939651551 5.424834391527467 4.446812838785377 3.0 3.392625077559359 4.092094704215608 4.792427278503812 4.953116884390406
3.293203355742916 3.9027599078301782 4.081673956089137 3.7671939113745045 3.068391920054124 3.6157322309944573 3.5933185933965066 3.1514351773566105 3.120290815688521 3.0000000000000004 4.338857354550529 5.1748548093948195 5.446708787836304 5.059217290362443 4.1471113728605635 3.0000000000000004 3.237639856471144 4.2966027626113705 5.031935420072491 5.200655709919157
3.0735243933505463 3.6424193960535334 3.8093986658511483 3.515896569490523 3.4514850722156076 3.7254403008360475 3.548643787084963 3.6348034250717314 3.9599884641648604 3.8073263340593977 3.230423600302887 4.259005559034338 4.482746639330134 3.6211584181469014 3.5085510085360356 3.0 2.9999999999999996 3.9812359802993416 4.662595881393399 4.818932253559168
3.0 3.0 3.1375288660980667 3.097261132317948 3.7882291514478017 4.088912817040277 3.8948671545926423 4.070923735235352 4.435125959998451 4.264146730521783 3.6180245728358575 3.1695555630612 3.943231369180226 4.329316538014765 4.194687487187211 3.5866836283541477 3.4447443017335524 3.429577978799873 3.8127092009098873 3.940548957937075
3.8520762500632246 4.067812172776332 3.7908805295435055 3.0 3.669270032080966 3.960511538121608 3.772559356347629 4.023631448327278 4.383602703112487 4.214609754711475 3.575993656201866 3.3441317173764253 4.160420862883812 4.567771241515834 4.425726948555757 3.7842348061535684 4.423139237416147 4.403665293291608 3.8691109501734853 3.0000000000000004
4.364974243854604 4.609435070947907 4.295630407813375 3.5328020515420744 3.136435030553494 3.385383746213697 3.2247251405971076 3.5930108836471253 4.142899790372754 4.215639976228785 3.7856092974910873 3.0 3.8737845326201654 4.253070102063231 4.120812091840124 4.442699299461667 5.012073384577288 4.990006514917458 4.384277087933004 3.3994453592004787
