16 16 16 16 16 4 4 4 24 24 24 24 9 9 9 9 10 10 10 10
16 16 16 16 4 4 4 4 24 24 24 24 9 9 9 9 10 10 10 10
13 13 13 16 4 4 4 4 24 24 24 24 9 9 9 9 10 10 10 10
13 13 13 13 4 4 4 19 19 19 24 15 15 15 9 3 3 10 10 10
13 13 13 13 20 20 19 19 19 19 15 15 15 15 3 3 3 3 7 7
13 13 13 20 20 20 20 19 19 19 15 15 15 15 3 3 3 3 7 7
13 13 20 20 20 20 20 19 19 19 12 15 15 15 3 3 3 3 7 7
22 22 20 20 20 20 20 20 12 12 12 12 12 25 25 25 3 7 7 7
22 22 22 20 6 6 6 6 12 12 12 12 12 25 25 25 25 17 17 17
22 22 22 6 6 6 6 6 12 12 12 12 25 25 25 25 25 17 17 17
22 22 1 1 6 6 6 6 12 12 12 12 18 25 25 25 25 17 17 17
22 1 1 1 1 6 6 27 27 27 18 18 18 18 18 25 5 5 5 17
21 1 1 1 1 1 27 27 27 27 18 18 18 18 18 5 5 5 5 5
21 21 1 1 1 1 27 27 27 27 27 18 18 18 18 5 5 5 5 5
21 21 21 1 0 0 27 27 27 27 27 18 18 23 23 5 5 5 5 5
21 21 21 0 0 0 0 27 27 26 26 23 23 23 23 23 5 5 5 5
21 21 21 0 0 0 0 2 26 26 26 26 23 23 23 23 8 8 8 8
14 14 14 0 0 0 2 2 26 26 26 26 23 23 23 23 8 8 8 8
14 14 14 14 0 2 2 2 2 26 26 26 11 11 11 11 8 8 8 8
14 14 14 14 2 2 2 2 2 26 26 11 11 11 11 11 8 8 8 8
