16.488961604357023 4.939231988470705 2.0665016395737466 27639.63209251644 7055
12.546154991443055 3.3062107092511916 2.3921813795264684 29784.987189270752 6943
18.69929532118084 6.687736579055395 2.344498192529176 22481.37719755274 5315
5.371037521355131 16.31127730275718 2.1373108084535364 33622.75792019496 8424
2.0084899502543445 6.301060609793282 2.3384656398248054 19209.22347477896 4879
13.120799620806869 17.75226896340716 2.952144681519288 56351.76972026595 10895
9.88414187862816 5.5538682994804285 2.3881535411148698 24984.5000453625 5831
6.010730241017711 19.293160108689737 2.330954223148827 18546.025292964972 4402
18.591683728041122 18.08732891970552 2.625786342695365 33618.525652990145 7283
1.801912592104137 13.859080740543696 2.0946580660179213 22925.395124533912 5809
2.0467911114829263 18.326979256312956 2.39382872101586 34482.288699997305 8034
20 13.746593253541084 2.3074737741798153 22554.50613856987 5390
8.793292239059518 10.177909362926092 2.6579521708258573 36510.802341208684 7826
4.2309170589315155 1.1057468298495787 2.5033353730198513 27877.209508101878 6281
19.531052851889676 2.007550114089817 2.5294036913196374 24589.476481999904 5495
4.682386583498368 12.413205555269526 2.117744247293274 33166.34271297891 8353
0 2.7752394192447856 2.7251998853084793 27539.66462065922 5771
9.622234098300666 19.07024483744379 1.9300461706673204 15585.040244065003 4116
12.64209641529796 12.81864336886728 2.584664638561192 45924.274429413876 10083
4.748874484162425 8.37609440204279 2.080770137554114 27911.132280807968 7098
6.517399939532748 4.931348005105667 2.750177439676372 41146.70506401187 8549
15.026950846758586 1.5858457991456785 2.750371189758985 29221.93073393443 6071
8.994661629920262 0 2.554744673855647 23453.004488373666 5199
16.46911552013863 13.451530626398984 2.293239975536879 34872.95306973934 8368
1.5630177098002656 10.10929832883781 1.9759929626383634 16044.197927531432 4190
9.403535451636282 14.72426082253277 2.263241431492619 25593.405772579405 6194
17.546164572437014 10.147383798308311 2.146134953773515 30681.717926829064 7669
13.53886435697547 8.393620007236624 2.319707859738395 43710.93894391601 10409
