3.3994453592004787 4.24404666440299 4.675902272010974 4.546360718746904 3.900996363356795 3.2809163889510877 3.4067383790045196 3.121731833607324 3.0348319893938234 3.48622105179482 3.5341776713525674 3.161804593838792 3.1627977852487756 3.521341776674719 3.4598567832896845 3.0000000000000004 3.0000000000000004 3.541267435545379 3.689006212767479 3.3913548753308405
3.0 3.745358035760122 4.126469271837958 4.0121492523264175 3.16309645236129 3.721712880406737 3.864439260937871 3.541141619285966 3.256110155170487 3.740411268099754 3.791864540140958 3.392340690569678 3.496267898899134 3.892615036048495 3.8246473620989545 3.316305501925217 3.4193865977447397 4.03632080271125 4.204712800978066 3.865451136300853
3.596972772232397 3.6448344601743528 3.259354933274591 3.1246649795111656 3.1664550506331217 3.725664621568172 3.8685425499835437 3.5449016286002455 3.083022641109826 3.541579392915245 3.5902975243980877 3.2120114667425472 3.410760063533037 3.797413782806193 3.7311083867033017 3.2351989868976947 3.4394448121343695 4.059997969855644 4.229377760144853 3.8881259773544206
4.195268016856065 4.251090682572551 3.801493192472092 3.0 2.79735387407488 3.2913785908830775 3.4176018027024333 3.39995010527902 3.5636045863116066 3.2962463689249937 3.0 3.4535957374994353 3.6366634455657305 3.3794646854164356 3.2121626021552374 3.077704002139831 3.1998167034413925 3.6039532303565864 3.7543072076004766 3.451386990870355
4.318127502699763 4.375584949312439 3.9128208829054305 3.087855759405642 3.6889129067415607 3.65739194498226 3.143567391139738 3.7335893647186635 3.9133033637338555 3.61970911496682 3.152083174723739 3.7611104790717556 3.9604788845025336 3.680378656934444 3.1007806193049965 3.653054092205811 3.797994704717549 3.4847032188580496 3.5121678287924603 3.6432585070978996
3.9223324601973766 3.974523417455598 3.5541758205061558 3.9692942226791286 4.459366884779828 4.421262560660667 3.8684109022730917 3.6182098163060075 3.792370092609818 3.5078488212192998 3.0293918278832654 3.614713418869315 3.8063216299067824 3.537123993503237 3.247981032841651 3.826472059828748 3.978293300388517 3.6501292253529525 3.985149160376018 4.133893734111738
3.1441737108203354 3.186010408096525 3.326247504401087 4.23449168469581 4.757307202050294 4.716657042454759 4.126868123070407 3.0943834817673372 3.2433297036657542 3.0000000000000004 3.3366703816971435 3.065807214145099 3.228319083722814 3.0 3.0024039150443294 3.537155721376307 3.6774978854574614 3.374146020498552 3.9904979480582377 4.139442163792733
3.862371888732035 3.4085312284358342 3.1315239951910696 3.9865982012813594 4.478807315452071 4.440536877063667 3.88527508409542 3.0 3.524214615072973 4.083262403379533 4.175085962605946 3.7673567125829543 2.9999999999999996 3.0 3.284271597684013 3.1729999419348736 3.0 3.0 3.526328702970838 3.6579479319298724
4.373721189102554 3.859795402151617 3.006011681691087 3.312202177386729 3.5463243628832686 3.80054779833033 3.5944060114925303 3.0 3.8915951470547254 4.508920678434273 4.610316352790331 4.160083508310488 3.312733960988479 3.575318346389813 3.9141054992422113 3.7814949684978556 3.224094154838878 3.0 3.429425976383505 3.4596710006423033
4.37080359486905 3.8572206342775504 3.004006450454538 3.261528249612425 3.9607341963160443 4.24466520522733 4.014434481562124 3.350568468386671 3.792330231511116 4.39390932359785 4.492718646426808 4.053970122281797 3.031215059155193 3.760290261302514 4.11660483474788 3.9771335935903833 3.390895209151028 3.242652121393661 3.706811805827499 3.7395031698522985
3.854647583963333 3.4017145534028357 3.1707721888033924 3.294490374119019 3.9037871498421515 4.183635826650745 3.9567153376719455 3.302394324698704 3.2613531855720606 3.77870314419337 3.86367783787769 3.4863599859154144 3.397402193938385 3.490126852697987 3.8208414982100964 3.6913907669853514 3.1472715140994443 3.0930906866677224 3.535841849389392 3.5670253836737023
3.0 3.267313822061345 3.8468111210454765 3.9969072057873203 3.6648858986433757 3.638961789439844 3.4415844308813845 3.0808554035732474 3.236232316142461 3.0 3.0 3.765733676170894 4.171489352363865 4.077987276011759 3.5181453906387388 3.0235910673420023 3.9793226524534555 4.371670656960387 4.238370408879209 3.0026982013257717
3.0000000000000004 3.498161553668524 4.1186024669573795 4.279303391813391 3.923823558867027 3.175112023574225 3.137300857016758 3.734318472853808 3.922651516394002 3.6363132802558584 3.250712946963349 4.080439738648203 4.52010481528299 4.418788678561075 3.812160256882926 3.677296918128483 4.5777681212797185 5.0291208625238015 4.875773753098415 4.171653295035956
3.8650752231922745 4.158738858954873 3.891455579876895 4.043293616137844 3.7074190104794895 3.0 3.355902968009829 3.99451981741421 4.195975606513077 3.8896857795870003 3.18206666010108 3.9019124845845794 4.3223413504512385 4.225457993733394 3.6453707571469844 3.733245272990107 4.647416724867034 5.105636587232178 4.949956373168751 4.235123051247298
4.39448348257855 4.728370903203403 4.489814784091412 3.371403023882917 3.0228747727388576 3.0 3.167931717245707 3.770778280951757 3.960950103555894 3.671816220175398 3.0038323500463027 3.292769044057432 3.647563048336926 3.270069740384272 3.053390584780946 3.344702846020396 4.163730697998194 4.574260723668926 4.43478313326942 3.7943470323898425
4.409312828883715 4.7443269649023145 4.504965829383378 3.237898447679192 3.641255321189698 3.613701123871461 3.1649475632696378 3.141308602044976 3.299734353362862 3.0000000000000004 3.0557811742525707 3.0974156280765097 3.7136284730074673 3.9292585817247856 3.6689006997136224 3.0232530140312077 3.2920531483719064 3.6166386611093886 3.5063607219470936 3.0
3.9043359282625714 4.200982543845165 3.989034261311329 3.441972446385161 3.870751565655669 3.841460718680646 3.364423709717064 3.0000000000000004 3.153332674408203 3.639633028509283 3.707307363235512 3.332520117460406 3.9379050305029586 4.166557653138136 3.8904760201059148 3.205835839252729 3.0 3.4367573761735257 3.4744789266037963 3.0998714210730083
3.0 3.4026551486425234 3.405867968799044 3.228975464240228 3.631220769009317 3.6037425054025025 3.8576459172437234 3.709971534007744 3.376131262293003 3.8967911475215535 3.9692470095301444 3.567979186620374 3.685065512981045 3.899037126719516 3.640681758376723 3.0 3.660401184557478 4.19330359026074 4.2393289262201765 3.7822576738905025
3.6327643782191905 4.120348138450893 4.124238611323638 3.643064372056586 3.006236885010003 3.8632236375338924 4.210026939400906 4.048863072882256 3.4363270788656544 3.6818818852532447 3.750341783592809 3.371204007824107 3.299067387196295 3.621774051553774 3.5088492403674447 3.0 3.941389084442 4.515199336108622 4.564757771813319 4.072599794063621
3.882097116796158 4.403145913998914 4.407303407287718 3.8931040449137404 3.013031807857479 3.720707689657325 4.05471727158224 3.8994988080108084 3.3095595249243357 3.07005223123697 3.1271359373953445 3.005114474381117 3.738333106364698 4.1040076638757315 3.9760470887670785 3.3994453592004787 3.745269910806312 4.290527997241452 4.337620459846605 3.8699517202377134
