10 10 10 10 23 23 23 23 23 17 17 17 17 19 18 18 18 18 18 18
10 10 10 10 23 23 23 23 23 17 17 17 17 19 19 18 18 18 18 18
10 10 10 10 10 23 23 23 17 17 17 17 19 19 19 19 18 18 18 18
10 10 10 10 3 3 3 3 17 17 17 17 19 19 19 19 19 18 18 18
10 10 10 10 3 3 3 3 3 17 20 20 19 19 19 19 19 1 1 1
10 10 10 10 3 3 3 3 3 20 20 20 25 25 19 19 1 1 1 1
6 6 6 6 24 24 24 24 24 20 20 20 25 25 25 25 1 1 1 1
6 6 6 6 24 24 24 24 5 5 20 20 25 25 25 25 1 1 7 7
6 6 6 6 24 24 24 24 5 5 5 20 21 21 21 21 7 7 7 7
6 6 6 6 6 24 24 5 5 5 5 21 21 21 21 21 7 7 7 7
6 6 6 6 9 9 9 9 5 5 5 21 21 21 21 21 7 7 7 7
6 6 6 9 9 9 9 9 9 8 8 8 21 21 21 21 0 0 0 7
4 4 4 4 9 9 9 9 8 8 8 8 8 21 21 0 0 0 0 0
4 4 4 4 4 9 9 9 8 8 8 8 8 2 2 0 0 0 0 0
4 4 4 4 4 9 9 16 16 16 8 8 2 2 2 0 0 0 0 0
4 4 4 4 4 15 15 16 16 16 16 16 2 2 2 2 0 0 22 22
12 12 4 4 15 15 15 15 16 16 16 2 2 2 2 2 13 13 22 22
12 12 12 12 15 15 15 15 15 14 14 14 2 2 2 2 13 13 13 22
12 12 12 12 15 15 15 15 14 14 14 14 11 11 11 11 13 13 13 22
12 12 12 12 12 15 15 15 14 14 14 14 11 11 11 11 13 13 13 13
