13.659105995594238 17.47377714894391 2.390579854395305 43084.59035912825 10048
6.000099360815716 18.34269535628557 2.3759688767957026 27382.993524507103 6414
16.178402476039174 13.892866646302194 2.7463522594206897 47278.92253539241 9836
5.0377581932684325 6.544417135517081 2.558191096255333 31192.230272815927 6907
14.49881311638709 2.872183066560214 3.102016501489973 59694.52673956418 10905
8.849850606326406 9.172138656222328 2.1180672250286046 19211.359581769222 4838
9.038191168495414 1.7216843368096248 3.0991645657783873 53384.12044358775 9763
8.877042553725742 18.580723388570174 2.779383970106952 33653.86765447409 6922
13.22957462792866 10.40379908212631 2.21953540764993 28228.890676999705 6916
12.305805013078562 6.207059551031216 2.824445632674113 47564.60229002908 9630
3.3382201793897552 1.9359115398066151 3.2406583433008374 68191.19653056856 11791
19.9826037215426 13.795407514338194 2.2591479228476072 21449.00287492598 5197
18.544947354223325 1.8415483542809488 2.8247992333671004 37774.86264556568 7647
18.146698416359218 17.796289395192847 2.175788363149551 22943.282956035262 5689
19.108429096258075 10.092905032741736 2.1370447830059858 21339.994111161996 5347
17.229475649479642 6.41617293262997 2.515941560980662 37345.116334252154 8381
15.410004035400444 9.299353284585413 2.2024861497201784 24167.75977783146 5949
2.390673658766695 9.961754932437747 3.1650173628209917 41733.23091393271 7438
1.1017244723695276 18.28791299608025 3.8354083493836812 71276.08223203321 9474
4.3754034609683305 14.133053755936656 3.926768269606805 76535.2201337385 9732
6.635981443870189 10.740063230913401 2.2671393035205303 19470.647788403636 4707
10.40293004425606 13.634543262037678 2.6647835924407444 49794.037819345496 10649
17.145549686969012 19.564170025933198 1.9596662002439285 9309.527201920397 2441
1.2493801825035573 6.947057223698961 2.559230297176542 17514.47495776511 3877
7.187231703147933 6.573454918126447 2.5497456061681656 28928.36937660971 6423
6.206120859292361 13.310473361172523 2.543255813498415 22522.327892903617 5011
