3.072972890397161 3.45435033623421 3.4267878865730803 3.0 3.000000000000001 3.8266679654649884 4.307581434802044 4.279168639228818 3.7514442550522324 4.428027339254091 4.406909083200537 3.870535703401339 3.0 3.0 3.0 4.524926858609919 6.023030498300161 7.075086447610622 7.3343499652610396 6.709724628825303
4.11616944147808 4.627014881452182 4.59009567745206 4.018424100981341 3.0949904220560325 3.9478335671675944 4.443974427646236 4.4146619842585775 3.870228012754595 5.26872499236826 5.243597260550024 4.605388953582997 3.5695748391127506 4.574684439103041 4.651405540877567 4.582831196082754 6.100105686801637 7.165624528360461 7.428205775266955 6.795587267360117
4.865650934083144 5.469512273496218 5.425870736872714 4.750107899703235 3.6698701354020837 3.5942648835893314 4.045971279462447 4.01928406377112 4.90572670075307 5.53240490130588 5.50601962083076 4.835871383708325 5.343235852932556 6.1562212378943855 6.25946597147684 5.61660052948106 5.452213406067592 6.404563481728428 6.639255972001685 6.073827881600093
5.075768938935507 5.705707393530878 5.660181243167459 4.955236300453826 3.0000000000000004 3.6388381116880035 3.895089170130776 3.679469979459111 4.545953263070623 5.126672488677086 5.1022222371262815 4.481220956149886 6.345569590027411 7.311062313527375 7.4336746517777526 6.670214547921574 5.281888715414396 5.051707673712619 5.236825341366086 4.790834380176717
4.67278638904847 5.252711888413067 5.210800213881921 4.561823246456833 3.4155278966777454 4.142851027321515 4.434595240209679 4.189110786610296 3.492230453790647 4.192474021975659 3.0990771846499805 3.0 6.650435223441103 7.662313940590672 7.790817048398407 6.990677377035161 5.5356510177577665 3.548098931861931 3.7033909296883816 3.4112738581233715
3.7963234049290833 4.267473712915089 4.233423307500609 3.706173344508518 3.4316865195114103 4.162450564854692 4.455574999144223 4.208929175818918 3.50875195104029 3.4663222494505455 3.802284480926504 3.6807258300240884 4.1814353108801114 4.346903417450091 7.20569129393071 6.465645746967701 3.399360917333292 4.020572751580833 4.196543824256625 3.8655277052699035
3.3300278334955737 3.6443980378852228 3.5197914706653073 3.0 3.3424983462245565 4.069012739929069 4.371395369900773 4.144425298007833 3.4675420300933917 3.7531363180199886 4.116897088570196 3.9852803043708356 4.290570341401232 4.460357148493446 4.092017035115832 3.312977001031093 3.399403138004692 4.020622687814469 4.196595946082499 3.8655757158162976
4.296301595026581 4.701892562454113 4.541128923149708 3.870509626206363 3.421648656130119 4.165366899606918 4.474909945648641 4.242565225911849 3.444861316649686 3.519788769933903 3.933766745453851 3.808004619831509 3.885240078695882 4.038987122855294 3.7054441070755506 2.9999999999999996 3.0 3.5482311375764697 4.3167404337626465 4.096328201330897
4.89164405470753 5.353438135168889 5.170397330648353 4.406849701528807 3.0910982887443303 3.7629691968226404 4.042608656063453 3.8327097337148723 3.8309582703411325 3.9142835251046346 3.529476773259716 3.2110661328181176 3.440643663635168 3.7246633546567076 3.5583408430856975 3.0 3.6764589986248906 4.479630135051513 4.816901636908613 4.570951235329857
4.915052084290873 5.379055992240896 5.195139280863839 4.42793784020551 3.3305735252093203 2.9999999999999996 3.2229405381343006 3.2473165124425316 3.7597268136636988 3.8415027486862954 3.4638509548281116 3.342459499798974 4.100155176561959 4.438616499568345 4.240412857033575 3.575047791113009 3.6203850208141772 4.411306054492737 4.743433434052161 4.501234309820934
4.358274606622662 4.7697161162367 4.606633504052373 3.92634070152596 3.3577432815020187 3.9045851802145988 4.006964586354557 3.6288523365191767 3.2562545525434734 3.3270797145573985 3.0 3.5151182587183665 4.311953615467407 4.667898564521021 4.459456474838153 3.75972117750055 3.1462482106374843 3.8335877816113757 4.122218733191093 3.911738754722093
3.4104701056030056 3.732434436765294 3.604817793988096 3.0 3.9530788561494448 4.596877076033104 4.717408585379454 4.272256167590472 3.414477596322116 3.2171336888247315 3.3836861414543282 3.140683887936121 4.001852312270685 4.332198889353907 4.1387472586174985 3.4893345869266037 3.0197317454516655 3.2039683313207115 3.0 3.0000000000000004
3.0 3.7910202267598416 4.227699768965361 4.160690052942885 4.107113043475543 4.775997263211572 4.901225358121976 4.43872729826372 3.1478281775620927 3.7516195729664705 3.9458425993148194 3.662468609063607 3.0 3.5482037704694442 3.3897609512191123 3.0905037615927204 3.7156597411982095 3.9423555283324516 3.6913806136536023 3.050247337932296
3.618153917492492 4.572164894914798 5.098822827021374 5.0180056715091155 4.358184020322554 4.379035215517886 4.49385484529634 4.0697977992782475 3.239469481423806 3.8608387837577127 4.060716137588547 3.769092407998886 3.087337648714377 3.040445217683695 3.0 3.3559079398322846 4.034750639091932 4.2809144527150735 4.008386485159577 3.3121944024245042
3.8509334280769756 4.866322172581809 5.426863454727338 5.340846802915041 4.638574508516843 3.5432842678771777 3.636190254656132 3.1508905965803864 3.706560295641465 3.8478842935080295 3.6878962558961983 3.4230468982843973 3.5704653470032928 3.9920475407556504 3.9389437285736557 3.2159107728201826 3.8664344429386577 4.102329132036931 3.8411701126389457 3.1740208168415966
3.617080494855421 4.570808439271798 5.097310124143125 5.016516945212894 4.356891047859077 3.507246409118135 3.6945281525777114 3.316585024183686 3.9014754689038957 4.050231206532712 3.7105982912108106 3.0 4.137104909953864 4.625592990418181 4.56406150340913 3.9741911314876064 3.269774424607518 3.4692663422121104 3.0 3.2192021260457904
3.3990053805529707 3.7760421014858703 4.2251916194713095 4.158221658018582 3.42634491440867 4.089880233878827 4.3082737572852094 4.005061435540847 3.6240975709645333 3.7622774241263657 3.4467909285048743 3.3390563088965197 4.230400018495632 4.729903905781436 4.666984833278617 4.063812400720057 3.06482925344654 3.385589472470832 3.4618599399556653 3.714808959592678
4.123083364798333 4.580438872645058 4.490609153765473 3.885228918743437 3.526050924926973 4.20889500086941 4.433643735874693 4.121607991008512 3.3813160339696786 3.3213988364877443 3.3601955093047984 3.0000000000000004 3.817504225980558 4.2682555006284275 4.2114774597518805 3.667175904291386 3.537177742810441 3.9073732133202035 3.8091326419079876 3.7830136869229976
4.4137280371872425 4.903323480534246 4.807161479014575 4.159106739377639 3.202279765109106 3.822423323347813 4.026535045403044 3.743151233583475 3.3278502948289495 3.8149961956019314 3.8595584919371664 3.445833864056038 3.239226189217557 3.577844092036257 3.487504192773896 3.0000000000000004 3.6026383910180906 3.9796848702204084 3.8796262133308645 3.3997934321387744
4.169675068399773 4.6321987890563605 4.541353975582188 3.9291328174012534 3.0 3.063533705814323 3.227121850656517 3.0 3.3732618203127864 3.867055267257444 3.91222565640827 3.4928553819932486 3.6625511348668542 4.045422015691154 3.9432758606407585 3.3920611784305987 3.2381551369935924 3.577055370932781 3.4871197685655404 3.0000000000000004
