19 19 19 19 9 9 9 9 9 9 24 24 24 24 21 21 21 21 7 7
19 19 19 19 17 17 9 9 9 14 24 24 24 24 21 21 21 21 7 7
19 19 19 17 17 17 17 14 14 14 14 24 24 24 21 21 21 21 7 7
12 12 12 17 17 17 17 14 14 14 14 24 24 21 21 21 21 21 7 7
12 12 12 17 17 17 17 14 14 14 14 14 1 1 1 1 4 4 4 4
12 12 12 12 16 16 16 14 14 14 14 1 1 1 1 1 4 4 4 4
12 12 12 16 16 16 16 16 23 23 23 1 1 1 1 1 4 4 4 4
18 18 18 16 16 16 16 16 23 23 23 23 1 1 1 1 4 4 4 4
18 18 18 18 16 16 16 23 23 23 23 23 25 1 1 13 13 13 13 13
18 18 18 18 22 16 16 23 23 23 23 25 25 25 25 13 13 13 13 13
18 18 18 22 22 22 22 23 23 23 23 25 25 25 25 13 13 13 13 13
18 18 22 22 22 22 22 6 6 6 25 25 25 25 25 13 13 13 13 20
5 5 22 22 22 22 6 6 6 6 6 25 25 25 0 0 0 0 20 20
5 5 5 22 22 22 6 6 6 6 3 3 3 0 0 0 0 0 20 20
5 5 5 5 11 11 6 6 6 6 3 3 3 3 0 0 0 0 20 20
5 5 5 11 11 11 11 6 6 3 3 3 3 3 0 0 0 0 10 10
5 5 5 11 11 11 11 2 2 3 3 3 3 3 0 0 0 10 10 10
5 5 15 11 11 11 11 2 2 2 3 26 26 26 26 8 8 8 10 10
15 15 15 15 11 11 2 2 2 2 26 26 26 26 26 8 8 8 10 10
15 15 15 15 15 11 2 2 2 2 26 26 26 26 26 8 8 8 8 10
