14.272371179237142 15.807820684854589 2.5831618429410974 45824.59777159909 10066
6.197099035522333 13.863376307890448 2.4640403077109054 45392.960425993384 10353
18.386322933919036 7.8856880986013005 1.9838329877358643 22068.130121664002 5752
15.493122175353818 11.490986591812046 2.2472066723030184 40014.493586393866 9728
5.973172038117049 18.14071630871566 2.241239306917757 34736.47730313927 8459
15.131983741005312 0.7430278627593276 2.8284799476779874 48384.27802151577 9782
13.186752977926979 8.204265101358434 2.418077980157196 42188.326938436614 9758
1.9466176981307002 20 2.159397271407178 20292.058114640644 5054
19.251202559659063 16.75630307189149 2.1552280188881294 21925.608617073212 5467
0 6.982994041228482 2.56618763859764 12881.057141700376 2845
17.382447003456353 19.528426726613496 2.212064126364568 17946.700255261516 4406
16.88984682135485 5.389524757715224 2.612490075607801 39424.28904003047 8578
4.960402281035449 1.6647410177800652 1.9305395035430355 14102.429274337523 3724
9.98572713867992 17.41857578088047 2.557286043943338 34357.05746121029 7610
3.8682216838473287 9.45199852335129 2.5442088570382086 38480.74817524308 8559
20 2.105372444800507 2.530954544697065 18714.183586339455 4180
7.247514551276398 5.637420880310241 2.4119978097909476 34860.86821200019 8078
3.361854375614365 4.968109197999249 1.9363392113076054 23204.565995915913 6119
9.448231859574552 1.624870986214106 2.339890432838939 33108.46337546397 7838
0.3655633686748976 1.8910855753028124 2.54773209167644 27118.426561077034 6025
13.267920934584701 20 1.9411385379293864 14795.461694605683 3897
2.0010124727755927 15.500263259144432 2.500397063699193 34055.13837916826 7680
11.52219856318412 4.471895653085589 2.271144456997134 25162.126439543747 6076
8.557079634752853 9.279757194575616 2.634857722408513 40293.28313845221 8703
1.503798064525995 11.941473915864703 2.072866024095545 20386.180816236792 5195
10.82321882643633 12.779650223196509 2.377990306332242 40590.82110930738 9502
19.151045651833243 12.466446859923565 2.619406443825049 39145.04158660784 8498
