3.9837414737880925 4.4531296602122605 4.392914228968371 3.82431182950799 3.0320562293257844 3.884970024365736 4.392899657179174 4.383571391640902 3.8602734908342504 3.000000000000001 3.235940252045699 3.640073140489229 3.613540409020662 3.1656938388438585 3.618333520859984 3.851822734831371 3.6185716685434604 3.0 3.0606602230830635 3.4681823971497407
3.680015144713865 4.113616483092931 4.057991965191603 3.5327406517962237 3.011982918937869 2.9999999999999996 3.8767203408255515 3.86848817538154 3.4066793987906503 3.1661016812796308 3.4462762268017433 3.876677735306477 3.8484203774537074 3.371463799816246 4.1006279707763245 4.365239399260146 4.100897861610437 3.399875617161222 3.445116993049017 3.9038289913077295
3.0 3.353477897232498 3.308132009473397 3.163935886032863 3.570945604291502 3.556738899652269 3.126323568281181 3.1519747375453417 3.779262832078137 3.9989378488187843 3.734181321328114 3.6435310900856184 3.6169731533960223 3.168701143727532 4.101146975390916 4.365791894977424 4.10141690038433 3.4003059295784706 3.4222049871279174 3.877866287241578
3.0448798226707634 3.3086956904351204 3.172902194175169 3.3103323197715793 3.736174521808761 3.7213104679155355 3.270979666759691 3.513303868047806 4.212501632119578 4.457359269090814 4.162252166535712 3.0220277582082646 3.0000000000000004 3.0007442354550307 3.6197075807617303 3.853285462116751 3.619945818881641 3.001139248132178 3.0 3.399445359200479
3.433265051335737 3.7307315694030128 3.5776171307191738 3.0565302886500394 3.449723316714935 3.4359988846796923 3.0201947898993065 3.4559057466453287 4.143680462881266 4.384537771699557 4.094251941068369 3.373948903650506 3.2605534395862574 3.632129030767669 3.57062633609294 3.0977097966037435 3.030333787588228 3.4947516446107714 3.5567665211563195 3.194534529800115
3.416313355895279 3.7123111374267466 3.5599526990205725 3.0127096362919885 3.2887244780177065 3.5614843242876293 3.4036725588429304 3.0 3.597042946182977 3.806126173396648 3.554135073020455 3.0 3.78684919797765 4.218401925306035 4.146971895307198 3.597720471750626 3.4223220379070267 3.9468145784303474 4.0168513775279235 3.607762935874796
3.0 3.259927369678212 3.1261353934738674 3.132281027218584 3.843714096810579 4.1625036071995805 3.978060273154165 3.3550676762482343 3.421373643612052 3.543134438327681 3.2380827772968415 3.0748301627538708 3.881306045247327 4.323623159516666 4.250411422594386 3.6874598078986356 3.4108645193634666 3.93360112256048 4.003403446960612 3.595684583726545
3.0786659156466354 3.3287778751078 3.1762908143826967 3.230706424937801 3.9644947947779907 4.293301600574426 4.103062519483224 3.4604936797070787 4.156515383105018 4.304438606059496 3.9338412806011163 3.17270971653259 3.5106776658449608 3.9107576379429636 3.844536936278509 3.335341928818646 3.0 3.4597690118409328 3.521163116476751 3.1625570848509437
3.6896268981492866 3.98937355415594 3.8066254495267 3.205448317219426 3.6085922927204357 3.9078812984101217 3.734720450096187 3.7974978145094 4.456269715034508 4.61486067834039 4.217537082564529 3.4015151927136946 3.0338055378373716 3.1216712141068705 3.0688120810943174 3.124656628364503 3.730888357460914 3.9312928586479168 3.655709953482175 3.000000000000001
3.902253956563858 4.219274513562578 4.025994939765644 3.390172969712656 3.2070886243851184 3.139095429466059 3.0 3.5929634456960375 4.216253694500092 4.366302901058851 3.990379273063397 3.4565253830924694 3.8103465303794737 3.706827597329996 3.182390658204887 3.5343884668444816 4.220114511781152 4.446797773957645 4.1350780691953615 3.3933857897478217
3.642183287955551 3.9380756074948535 3.7576773962502337 3.657030278599762 3.87923657554986 3.6314257219436183 3.0 3.0 3.520425764045014 3.6457116531111837 3.3318284474979163 3.8311545745617703 4.223323980762551 4.108585337196904 3.5273082581318134 3.528088358996137 4.212592085537971 4.438871280925393 4.127707221864447 3.3873370215812773
3.0 3.243721111332698 3.2476747622921094 3.9037055347601513 4.140900166792234 3.8763738907979532 3.202357025264913 3.5086656191233128 3.599406379832226 3.2586144022536536 3.0 3.7474236101386174 4.131022043292141 4.018791045162192 3.4502179407031797 3.107977133681012 3.7109727827516568 3.910307519734249 3.6361956829604227 3.07449892942073
3.1962584932746427 3.09522124342958 3.0593855737830538 3.677381902895137 3.9008247931264153 3.6516348551252693 3.5009934962094036 4.069743282634957 4.174994577983116 3.779705880773828 3.0197659698441126 3.2348123493017806 3.5659382314627055 3.4690593470624997 3.361632432674717 3.718812082612043 3.630541716227708 3.127892502455948 3.179207827856602 3.6025144321136535
4.172347689647406 4.040455185694301 3.4529738256329505 3.057127898526155 3.242883284148621 3.0357235352806695 3.5836825125345864 4.165865445987007 4.2736026431481 3.868977729355692 3.0179310112257176 3.208953350559572 3.011138206368526 3.143998856465779 3.9411521186047582 4.359906804688313 4.256419303168452 3.667117214541417 3.2874828206913813 3.7252060727502045
4.806536873733118 4.654596951470032 3.977819503902043 3.0 3.061078884956664 3.213812815682353 3.2372850427431024 3.763194382092714 3.860517740313416 3.4950037259553337 3.6371913363109156 3.8674102495606117 3.629004690929054 3.005162805821778 4.077644502415416 4.510901756178511 4.4038302123908135 3.794119054425501 3.0000000000000004 3.3994453592004787
4.886492704276592 4.732025290183858 4.043989777956238 3.258632694594455 3.8767543013114056 4.07018672992567 3.7711480313566823 3.0 3.077585701140355 3.2106670549791776 3.868442784580809 4.113298941842561 3.859735634934537 3.196230084629818 3.7231343892217263 4.1187242892018805 4.020961537557666 3.4642586228312378 3.055244903012496 3.2638683256746934
4.384049213915899 4.2454645917110625 3.6281749058208486 3.6420202493061233 4.33286564956592 4.549055962470543 4.214834496724786 3.043174689731769 3.0 3.0135506236726686 3.6309427189083414 3.8607661209586754 3.622770138009228 3.0 3.0000000000000004 3.318755536565132 3.2399809815069793 3.0000000000000013 3.6315720621336047 3.8795492349290472
3.4710972106409175 3.3613720063603596 3.0 3.5922164010289195 4.2736146381368645 4.486848594732114 4.157197536076806 3.6189779187432842 3.567634087146933 3.103758100465697 3.0075704358465956 3.664510318561285 3.8845244657413542 3.633899925392163 3.0 3.0 3.297452407675041 3.1985195324449074 3.8093992705171833 4.069519142845115
3.3110626410799635 3.801671099411842 3.852076250063224 3.4445175264082506 3.719877885561715 3.905482893676181 3.399984924009879 3.7980280955529775 3.7441440102353196 3.2573175996228194 3.52284733701413 4.231579902255835 4.48564043490148 4.196232662577312 3.4642390396519773 3.5078826036417676 3.8556919790733133 3.7400103417572965 3.5263995056780333 3.767195107308343
3.7519255097471205 4.3078577253673895 4.364974243854604 3.9031497066110807 3.0800794739042034 3.0 3.1489257541265516 3.5175769164523043 3.4676716998743986 3.0167931646958603 3.5899930683070695 4.312234128760664 4.571137073984888 4.276213168074573 3.530267692454211 3.6197788346939737 3.9786828112376 3.8593111019664468 3.3036455820253834 3.0775585270393906
