1 1 1 32 8 8 29 29 29 3 3 18 18 18 18 22 22 22 22 22
1 1 1 32 8 8 29 29 3 3 3 30 30 18 18 22 22 22 22 22
1 1 32 8 8 8 29 29 3 3 30 30 30 33 33 33 22 28 28 28
1 1 32 8 8 15 15 3 3 3 30 30 30 33 33 33 28 28 28 28
12 19 19 19 15 15 15 15 31 31 31 36 30 33 33 33 28 28 28 26
12 19 19 19 15 15 15 15 31 31 31 36 36 33 33 33 28 28 26 26
12 12 19 19 15 15 24 24 31 31 31 36 36 35 35 10 10 10 10 26
12 12 19 19 24 24 24 24 34 34 36 36 35 35 35 10 10 10 10 26
12 12 12 24 24 24 24 34 34 34 34 35 35 35 35 35 10 10 10 23
12 12 12 24 24 24 24 34 34 34 34 4 4 35 35 35 23 23 23 23
12 0 0 0 5 5 5 34 34 34 34 4 4 4 35 35 23 23 23 23
0 0 0 0 5 5 5 5 13 13 13 17 17 17 17 25 23 23 23 21
0 0 0 0 0 5 5 5 13 13 13 17 17 17 25 25 25 25 21 21
0 0 0 0 0 5 5 5 13 13 13 6 17 17 25 25 25 25 27 21
0 0 0 0 0 5 5 5 13 6 6 6 6 20 25 25 25 27 27 27
0 0 0 0 0 11 11 11 6 6 6 6 6 20 20 20 14 14 27 27
0 0 0 0 11 11 11 11 6 6 6 6 6 20 20 20 16 16 16 2
7 7 7 7 11 11 11 11 11 9 6 6 6 20 20 20 16 16 2 2
7 7 7 7 7 11 11 11 11 9 9 9 9 20 20 20 16 2 2 2
7 7 7 7 7 11 11 11 9 9 9 9 9 9 20 20 2 2 2 2
