14.04715018920369 2.934859651802782 3.826368602884381 115261.54248373046 15387
1.629459648878834 2.449969906901595 2.7020924934195554 28939.221799860105 6112
17.96916729259666 18.29742986103207 2.360974985760251 22063.53676398689 5191
1.7693300474695408 8.715262754921591 2.190088081191963 16174.504894233662 3995
10.883742332552057 12.645656572688122 1.7964609167583079 12296.038331103506 3350
12.561297770705723 6.758585608067426 3.05780271575615 46201.56276269217 8585
15.877105031002527 10.44205226539911 2.6208656888032715 47989.19465140795 10413
19.457107964328582 2.523797067949484 2.8153199030091223 36349.08324758745 7383
1.935157749294687 4.506503420805849 1.8605860382380455 13513.03933937917 3628
19.186927726124274 10.209802377377313 3.305058947217386 36006.35145840945 6064
7.736891406989785 16.99597199611262 1.9473059824184358 22061.08090834435 5802
17.886073976151337 6.960130070019702 2.823728214396549 42752.86035300068 8658
6.851356030519566 0 3.6827439248508624 37015.50136997022 5286
12.54380223279964 8.846306396140388 1.9866146642988962 12665.687240370164 3299
15.72758484661824 17.340641941282517 0.8709039762531149 764.3901608084825 243
5.334547774615895 5.680293464804095 2.009349233257128 22185.945893585256 5746
17.015250396914425 17.514907821953017 1.7984769308846276 7682.079581168097 2092
11.104685323868615 12.643900886976512 2.5437055822185872 25451.93714764631 5662
0 13.872004836339725 2.4241301416423675 14847.99327884628 3428
5.356753404407208 3.2149273389503548 2.2593421762758137 12390.502029206535 3002
16.60329956191815 15.1140510564996 2.9610694230247057 40798.65330626666 7862
12.240927504243384 20 1.522208447637038 7520.994904879055 2169
0.8509344295892176 17.137030637392552 2.4504918533457976 24783.19848597221 5676
10.327390752370825 17.996867994033167 2.3661704903096656 19722.09477465867 4633
7.640258682100935 5.801256481238637 2.9587867719630934 28595.093266398537 5515
13.639540034981925 16.130490529275836 2.2305043978430037 27365.299418663995 6684
5.093434899688816 20 2.457957603791363 8485.695714685884 1939
15.073377240559887 18.139996451755238 1.614037947466126 12564.957658432582 3559
4.016772963142116 17.917459770922367 2.192038731037388 27610.598167495325 6816
1.093221027409614 7.377427031985522 1.6579822900686798 8196.954471420988 2301
3.1604642421524103 11.654211179948872 1.8634645764248532 14852.688091571457 3985
5.270238596404172 10.42954562803913 2.288112637187885 20357.099514151327 4892
1.679237169242278 2.560343624188017 1.8217625089042253 4355.994280588965 1180
3.4578800736536834 14.848498385983701 2.4471823983065364 27994.629466686114 6418
9.515084907944136 8.668197458938382 2.1800143700308015 25666.785741875952 6357
8.791780930647967 14.115998144272249 2.632220052033196 22620.147519350543 4890
5.363641915030328 10.996416425184698 2.1949082632399564 15121.56567124908 3730
