3.4736010828545427 4.039201185564539 4.144996981143393 3.753756884968432 2.9999999999999996 3.026779285548786 3.0000000000000004 3.1047160752774507 3.859667709151727 4.234392701961645 4.099638266100316 3.5027821965767005 5.119886712827496 5.403259088757438 5.032275666240966 4.136054419349478 3.0 3.0 3.449632770226425 3.500561118658137
4.234498593284085 4.17313290027864 4.282436669751457 3.8782238459161626 3.5965600786390692 4.039379259263875 4.00364104368267 3.0 3.7294885737403325 4.091574816466824 3.9613653873975787 3.384640120044161 5.4783181158364105 5.781528735066552 5.38457362292412 4.42561000360379 3.210023047254673 4.459702423928486 5.128111875680642 5.203820301996501
4.482859332223108 4.44793759163432 3.904548929628765 3.5360043671846175 4.235789673141428 4.757312703856172 4.7152226063225715 4.12435359751255 3.1802542017530833 3.489016722956637 3.377982977788185 4.325786505771872 5.173057823810304 5.459373082052913 5.084536917896282 4.179008222997355 4.490195775937909 5.850644328247513 6.727524800553996 6.826846018186997
4.188142206319831 4.155516329655188 3.638662347682147 3.459238634683606 4.402452154865283 4.94449516633502 4.900748980881041 4.28663148643293 3.164994272711872 3.6426459252828765 3.699765333430201 3.316229578198 4.310827138725417 4.54942017740796 4.237060647695231 3.000000000000001 5.198478868515407 6.773524457570284 7.788723979588206 7.903712117483495
3.4530344996048123 3.426135155658738 3.0 3.1728823594344684 4.038016527791216 4.535189140256666 4.495064270371195 3.7359113005672953 3.636882061835154 4.185749635473114 4.25138531534297 3.810665937016507 3.0142861458271746 3.287650884537746 3.7607239467526137 3.796386384747479 3.3820696612698837 6.9205227234718345 7.9577539913283575 8.07523758885854
4.007006859933046 4.122942573570273 3.7437572033952127 3.0 3.493234427047424 4.206114241174747 4.469383143217949 4.191093009015958 3.688066106509542 4.244658226044717 4.311217636602996 3.864295747453912 3.0822166172276897 3.671538070786223 4.19985017544253 4.239676788241051 3.7769817889740347 3.611399792582511 4.14475172944773 3.0
4.636169285744875 4.770308710376358 4.331585336980689 3.4710466798319946 3.458371660513126 4.164136875535821 4.4247783323103596 4.149265556507896 3.433714108061995 3.7986160253334176 3.858181161115627 3.4582232470067344 3.5522787475752384 3.7754009429807813 4.139132506467814 4.178383341800171 3.722377572059965 4.005229736007454 4.596744705265994 3.2749339797719537
4.733819286981747 4.87078404308278 4.422819993750953 3.5441561138686284 3.317406513936069 3.6381627105403482 3.865882417457049 3.625169795090858 3.0 3.0 3.047042240161914 3.0000000000000004 3.6129679360038165 3.8399020802798707 3.6015494483573165 3.6341010835055507 3.2374952849615366 3.9200579269751628 4.498994241993597 4.55671199197859
4.265571772815493 4.388988608583136 3.9853350915760912 3.193584579653129 3.956998042512997 4.503990438195642 4.524204986116763 4.010516228034002 3.1374114105145314 2.9999999999999996 3.9607671073527215 4.614775182730648 3.2429060497301596 3.446596235305717 3.2326571122019283 3.0000000000000004 3.3563715801030427 3.3138435813461298 3.885918429325698 3.935771008880571
3.392001398510309 3.4901430080810334 3.1691559594214898 3.2294438124165925 4.165298860524331 4.741085549821112 4.762364214232172 4.221634303396171 3.302568268371664 3.5941456727953867 4.745191319947361 5.528724751311633 5.684724215997166 5.158305050893002 4.13064462711203 3.533760929654278 3.9535382517233746 3.9034436582488534 3.401128770196299 3.0
3.4882935745312618 3.443582931115374 3.000000000000001 3.0 3.8693649146421634 4.404243416398092 4.4240102855375225 3.9694825112434167 3.938506656584406 3.4485971466619896 5.016968077753193 5.845377713521172 6.010311913578377 5.453742542867655 4.367223750842079 3.6733834459654364 4.109746600286458 4.057672718078563 3.53551085394398 3.680576368659046
4.115977574300882 4.06322169189007 3.5398203904216676 3.068795684921913 3.2298921420756845 3.0 3.987678682538947 4.483370788587744 4.448384807030607 3.8950517265557214 4.681037688938082 5.453977972155117 5.607868368645021 3.6598616650844353 3.3956059149344333 3.36983435901052 3.7701387574125547 3.7223679869355544 4.373848940477191 4.330862878296885
4.285940735772048 4.2310063777988995 3.6859919994101715 3.538611991934683 3.7243714603618 3.4592840533383935 3.974697772187701 4.468776274106704 4.433904180835533 3.882372340551709 3.0000000000000004 3.1530959722124843 3.7563272545570667 3.9491428429264066 3.663999905868716 2.9999999999999996 3.0521987750733652 4.047977646708071 4.541879100692079 3.8549272269772366
3.9385150821912527 3.888033796810445 3.0192859741635956 3.6009003649732585 3.7899296621047402 3.52017605733653 3.4962401504281333 3.9308435328437534 3.0 3.4656434063929775 3.3193737272090456 3.0025382725343195 3.576965764875649 3.760574569911145 3.4890469699891504 3.8489785757273918 3.36970366589373 3.7095658540116276 4.162177041337661 3.620029623056052
3.8070964478911686 3.359750823104773 3.622173103314163 3.6911086995137827 4.130895324559101 4.297152153672642 3.944849712196221 3.3831257687896614 3.421477205601455 4.015724370892211 3.8462381755329367 3.251034974835344 3.0059332714366835 4.045987444359526 4.5482504155163515 4.512086271126211 3.9502411742495576 3.0 3.366035707523482 3.0
4.154181028584993 3.666051890501945 3.9683552516932266 4.043879233403836 4.272623235059141 4.444584210887932 4.080194537716807 3.4050518477282234 3.4436518406648586 4.106360823642242 3.9330492592788566 3.324412092055143 3.28596530909436 4.185714682697655 4.705323189114872 4.667910124382793 4.0866618373479895 3.1573891241417873 3.6114231082757646 4.092278508512472
4.000277750191287 3.5302327240218854 3.8367639065579056 3.9097834999985803 3.8999424228766446 4.056904052259508 3.724298374979714 3.0244228111273794 3.0587079569541022 3.705642420314714 3.5492434304503937 3.0 3.0 3.821447540343577 4.29583645581307 4.26167931060962 3.7310148948051207 3.1392361399017656 4.030858992618582 4.567561632016251
3.3994453592004783 3.0 3.2736541651730633 3.3359569031126424 3.0000000000000004 3.267920808532108 3.0 3.0 3.8980229632521906 4.653110142386839 4.9017985833227256 4.557018387757617 3.7386885657840194 3.0789268606175826 3.461140343544775 3.2134979900444045 3.483102166660189 3.3317130043546186 3.9703612998422515 4.499008765032641
4.202632490966701 4.659631680742435 4.559266250437322 3.936873949773922 3.0000000000000004 3.190797652621478 3.731990028261661 3.8520762500632237 3.508831114873945 5.214490385470744 5.493182151742301 5.1068055219484565 4.189747283856453 3.033468759183 3.0000000000000004 3.684650039538534 3.9937826554930806 3.820197333640362 3.224781973515771 3.91077159487645
4.762206505947301 5.280054430894467 5.16632549880284 4.461062626105407 3.3994453592004787 3.615647424117288 4.228898727385523 4.364974243854604 3.9760265498921576 5.1569580563689295 5.432574970597462 5.05046129763723 4.143521113747885 2.9999999999999996 3.035656711541337 3.7284442074020667 4.041251040861651 3.8656025584258944 3.2631103470535554 3.0000000000000004
