5 5 5 5 14 14 14 14 14 14 7 7 7 7 7 7 19 19 17 17
5 5 5 5 5 14 14 14 14 14 7 7 7 7 7 19 19 19 19 17
5 5 5 5 5 5 14 14 14 28 28 28 28 7 7 19 19 19 19 17
11 5 5 5 5 5 16 16 28 28 28 28 28 28 32 32 32 19 19 19
11 11 5 5 5 16 16 16 16 28 28 28 28 28 32 32 32 32 19 21
11 11 11 5 16 16 16 16 20 20 20 28 28 1 32 32 32 32 21 21
11 11 11 16 16 16 16 16 20 20 20 1 1 1 1 32 32 25 25 21
27 27 27 27 16 16 16 16 20 20 20 1 1 1 1 1 25 25 25 25
27 27 27 27 16 16 16 20 20 20 20 1 1 1 8 8 25 25 25 25
27 27 27 27 26 23 23 23 23 20 20 1 8 8 8 8 25 25 22 22
27 26 26 26 26 23 23 23 23 23 23 8 8 8 8 8 8 29 29 29
26 26 26 26 26 23 23 23 23 23 23 8 8 8 8 8 3 3 29 29
26 26 26 26 30 30 23 23 23 23 23 8 8 8 8 3 3 3 3 29
18 26 26 30 30 30 30 23 23 33 33 33 33 15 15 15 3 3 3 34
18 18 30 30 30 30 9 9 9 33 33 33 33 15 15 15 15 34 34 34
18 18 2 30 30 9 9 9 9 33 33 33 33 15 15 15 15 34 34 34
18 13 2 2 2 9 9 9 24 24 33 33 33 15 15 15 15 34 12 12
13 13 13 2 2 10 9 24 24 24 33 33 33 6 15 15 0 0 12 12
31 13 13 2 10 10 10 24 24 24 24 33 6 6 6 0 0 0 0 12
31 31 31 31 10 10 10 10 24 24 24 6 6 6 6 6 0 0 4 4
