18.832338484078708 17.56015984566843 2.0867935829171755 15773.401708560876 4005
7.422123606188597 12.980106427858015 2.55113412931294 28233.75690193544 6266
17.294073311621858 3.0482616387068484 1.8759770446227053 11251.57348750161 3010
13.077067371111909 17.713508382331913 2.2874934118933874 17178.98212987635 4129
19.86179953023173 19.16869572964243 0.7602978882766417 3408.9617818147954 1096
2.8614461854539486 3.098438711023869 3.5111695803168477 72210.41166511005 11139
20 13.870232961096715 2.5272658042798826 21974.717557986347 4914
0.4238524918739781 12.783568728772057 2.7174983522164022 24859.353224137598 5223
10.210030515067274 13.990610289854992 3.3833563007544183 67672.15957399354 11030
15.479922292606489 6.696480338980156 2.052542537252831 18413.672736531884 4717
19.518437600654035 6.073905993689921 2.098441907065153 17820.46114096113 4511
5.238149430777721 0.6462246737119104 2.2424874178913696 10458.684150748239 2546
17.44743796381494 20 1.7741585879728459 8491.449755939791 2325
17.775824313285835 2.045015941608379 1.569443631234849 13696.21119694893 3914
0 6.880850796736096 3.0182681373526017 26942.05861506757 5082
15.66943246195725 15.506035733818685 2.9547616777586923 44255.21253409151 8548
6.174098962016678 6.224431824604425 2.9627486273291344 54091.05552706869 10417
1.0008139325539718 20 1.5813964066736 8537.337537416193 2434
14.604084583388037 0 1.9607384493978062 12592.717815435195 3301
2.723080583541269 17.529177895087876 2.4497539510440025 30858.499321259023 7069
7.063076238914098 9.72225152266912 2.6463468641088 33373.024388621685 7181
5.949657722624314 20 1.5659476579744562 4577.430341275163 1309
9.780632386380114 19.268854611604816 0.8184692725273136 344.1098374560465 110
11.725511632700204 7.297341362669399 3.4291254146140275 68872.48339516699 11009
17.451776451007976 8.699088372547521 2.7273618015472416 29527.507279249072 6183
8.086050069467312 18.567309286470955 2.5046001860541423 27737.284471301587 6247
11.995074977260229 2.205161381232983 3.3899385581946233 42642.29520314723 6931
8.428227705933804 1.122341522688918 2.6080559206154246 25851.70817124461 5633
3.977162194029976 11.400226378157582 2.939217039276369 41299.979586279274 8023
10.83344865169565 19.060774968603237 1.7234593191429084 12970.629152734999 3591
14.235243217993942 4.831279135036146 2.346264810091369 26191.782626648033 6189
19.690224895547992 1.5885184160049568 1.920923568713353 6683.544186226711 1769
4.621131163398552 16.34124748531154 2.1557196913581933 32357.292363246605 8067
15.891580494682081 10.671631846417316 3.0104131556281675 54042.02025209869 10224
14.601029521647991 18.231230239497748 2.03489226761723 14728.397994704339 3790
