3.211039014349304 4.131476935222669 4.691138688466988 4.700720209005148 4.156843957016129 3.243965533130159 3.076685085160524 3.6307170197083605 3.781071985163402 3.354191647669539 3.4556091218810705 3.1417710974287343 3.4589258198826793 3.413243799172987 3.733498140684122 3.852065869412318 3.507394850971676 3.0 3.670154332989615 3.962420749463226
3.0 3.859944008864576 4.382823130616133 4.391774925186686 3.883643834696745 3.030762490241054 3.739759190418403 4.4131937349559545 4.595952564124913 3.625825489456035 3.735456095485332 3.3962024009594325 3.754447537069227 3.704862562116608 4.330921414146295 4.468461998345312 4.06863774817797 3.269287914942429 3.2388998308707677 3.4968240381382283
3.0 3.182510660958041 3.6136227122067344 3.621003436276841 3.2020510864669376 2.9999999999999996 4.0115981264211245 4.733983878973245 4.930027244160907 3.458908806280467 3.563492512731682 3.239856531085233 3.5963671467177005 3.5488699389049043 4.433613768963953 4.574415637569622 4.165110981309301 3.3468074177128395 3.0 3.1246596595560066
3.920048759616293 4.6017623234350085 4.76727372521591 4.358421048549106 3.516425878903457 3.1766479492100625 4.114584930170414 4.7032294333427105 4.744380243312703 4.289157806594529 2.999999999999999 3.9750054026539248 3.040151266710653 3.0 4.0054249683111385 4.132628497866624 3.7628535974665365 3.2524277339559484 3.8386271597288006 3.998134478026878
3.0000000000000004 5.306492907499782 5.497351326064324 5.025885466583516 4.054944100681217 3.2861590236560168 4.2564302412676485 4.865367547747009 4.907936981840979 4.369135273432759 4.6542868751758775 4.824674848192176 4.4136322219153 3.5631772170703124 3.193394213642477 3.294809423876377 3.0 3.6726160050870282 4.3345478201400365 4.514662238669331
3.4955052107852684 5.4001295897545525 5.594355835131699 5.114570639387239 4.126496351656569 3.0 3.8857799126216572 4.441690903625878 4.480553387566118 4.244191319883656 4.985361607116396 5.16786983700666 4.7275883969307095 3.8574869815143518 4.328357985362287 4.286028615203089 3.7454167594039713 3.6597934799837786 4.319414234663635 4.498899803988481
4.1370049654721885 3.650894068006298 5.024118454590055 4.593238166096197 3.705879118908108 3.1664912271599914 3.322147312766628 3.075903266001293 3.6097533241038136 4.011914408915281 4.712521787493686 4.885041672215198 4.468856038654482 4.354771571848569 4.886344502979965 4.838558278760184 4.22825391420363 3.37251407951604 3.460903120964161 3.9564034085200905
3.9919993203768267 3.522927035352359 3.981831185594659 3.6403399199149242 3.1793071485747624 3.7797223086089557 3.965523164203249 3.671590842857185 3.0 3.0506180711689463 3.9311830549936233 4.075099046908297 3.727917222788642 4.338498773718406 4.868085336826349 4.820477678937157 4.212453883994536 3.766184272717358 3.864890878511646 3.5001454932624703
3.399445359200479 2.9999999999999996 3.5622320846466664 3.281280000406921 3.349093567619281 3.9815730533692033 4.177296341887571 3.8676669790319558 3.9812982502269914 3.9039850175783193 3.378350937195129 3.0 3.0000000000000004 3.8144046983981803 4.28001678679256 4.238160171542988 3.1918323193855884 3.7116118211984817 3.808888156706124 3.449427974838376
3.610726776409493 4.270604246838531 4.457560212816545 4.105993890730826 3.113402468686164 3.701371467631437 3.8833208092515434 4.046578474270352 4.4963302950293595 4.409015603108186 3.8153840057788244 3.0313713178674475 3.500150077177199 3.5665423471288693 3.2071649242591884 3.288348555263606 3.487716677056039 3.2280237606982283 3.3126259059384395 3.0
3.98733590772843 4.716040485912861 4.922496493932795 4.53426079879267 3.3369081046138023 3.82974275511377 3.8788961249369325 4.033059694712451 4.481308987901742 4.394285996260139 3.8026375989981753 3.595997182242182 4.1520910819359855 4.2308496339687425 3.804534259014951 3.8364732913457593 4.351707167162026 4.356125039498299 3.8481695713182256 3.0000000000000013
3.8858337023917415 4.595988270384832 4.797188704105541 4.4188359935343255 3.720367771331403 4.269836349078665 4.3246381617775445 3.8654629269120964 3.9415293307406785 3.864988374754338 3.3446048177201146 3.764547126021642 4.346706005964137 4.429156093013334 3.9828586577743965 4.2243883300702825 4.7917187418745115 4.7965833159048294 4.237267249032752 3.30333721305938
3.341941068509057 3.952696674006184 4.125735471842337 3.800340058996594 3.660502350584103 4.2011292842746295 4.255049266526473 3.8032627416815195 3.0 3.0 4.136879118198132 4.682049021150574 4.015751704772371 4.091924116058561 3.6796073677122973 4.104957632387693 4.656248641181547 4.660975685367312 4.117472442239707 3.2099462089160715
2.999999999999999 3.0 3.1313322109744175 3.0000000000000004 3.1784010562704044 3.647825482897533 3.901347107899882 4.097695249239788 3.798200708626393 3.5905850325282573 4.604846439586845 5.211686430520374 5.205405819318839 4.588218571732675 3.0 3.520194935101773 3.9929529975995988 3.997006661118423 3.142573651764441 3.0
4.1614140505984745 4.427950273289294 3.47135517427323 3.8520194810662427 3.7721685367279294 3.6713024213670065 4.369502935327818 4.589412560440029 4.253979122160468 3.479740021386288 4.523459051374883 5.11957357674238 5.113403970880279 4.507125069267814 3.3130726522077074 3.632733626938158 3.5151943233708094 3.3576277533497514 3.6320778281963113 3.0658103965970573
5.094174216876161 5.420453202092707 3.9335027759191576 4.364845589400392 4.274363948817395 3.9725793831242737 4.3187957850962935 4.5361534058814765 4.204612601157553 3.439358380123507 3.9213839240413257 4.438155246631973 4.43280681903032 3.907224004801918 3.753462523627001 4.115614403428762 3.982451198963784 3.4246438787027422 3.704571803379649 3.2283207592958365
5.5032576683696215 5.8557382179103685 3.060020137893089 4.364781263595291 4.274300956462529 4.551692676833757 4.330299929896856 3.9566857284455925 3.667497367058241 3.0000000000000004 3.0 3.3953486824555057 3.2733358772661854 3.0203480619985066 3.7527220426173407 4.114802477296652 3.9816655431949655 3.082559565834781 3.334525765101007 3.0
5.246613726864406 3.091759488226182 3.0 3.8518491790949576 4.269279732591398 4.602422332625799 4.378562112894848 3.6761206045255452 3.2495698130626414 3.0 3.0 3.784354583900957 4.2128459508643035 4.138781750532649 3.3111122355899236 3.6305840600201242 3.5131143069963784 3.0 3.0 3.3994453592004783
3.613056781245628 3.903449754408721 3.721650531942871 3.1313800188315137 3.8096171952161395 4.106891175148045 3.907133418376684 3.988570739470944 4.1725302332736645 3.8520762500632246 3.4073712342121536 4.298233649747675 4.784910035714058 4.700788627149056 3.4102350807960504 3.70268505844646 3.547826875499532 3.0 3.3983763823907958 3.8508649406449678
3.4614675569723925 3.739676817506144 3.565505153857007 3.0000000000000004 3.0 3.234097520589629 3.812721695076185 4.519642763379108 4.728096179208617 4.364974243854603 3.5562334139540157 4.308255067678889 4.796066149396704 4.711748610081052 3.4636228799178155 3.760651210757976 3.6033686971219154 3.0469655004920977 3.397307741727542 3.849654012130517
