23 23 23 23 6 6 6 1 1 1 1 1 24 24 24 18 18 18 18 18
23 23 23 6 6 6 6 1 1 1 1 24 24 24 24 24 18 18 18 18
23 23 23 6 6 6 6 1 1 1 1 24 24 24 24 24 18 18 18 18
23 23 23 6 6 6 15 15 1 1 1 24 24 24 24 24 20 20 20 20
10 10 10 10 15 15 15 15 15 16 16 16 16 24 22 22 20 20 20 20
10 10 10 10 15 15 15 15 15 16 16 16 16 22 22 22 22 20 20 20
10 10 10 10 15 15 15 15 15 16 16 16 16 22 22 22 22 20 20 20
2 10 10 10 7 15 15 15 15 16 16 16 16 22 22 22 22 20 20 20
2 2 2 7 7 7 7 7 12 12 12 12 11 11 11 22 22 21 21 21
2 2 2 7 7 7 7 7 12 12 12 12 11 11 11 11 21 21 21 21
2 2 2 7 7 7 7 7 12 12 12 12 11 11 11 11 21 21 21 21
2 2 3 7 7 7 7 5 12 12 12 12 11 11 11 13 21 21 21 21
3 3 3 3 7 5 5 5 5 5 12 19 19 13 13 13 13 21 21 21
3 3 3 3 5 5 5 5 5 5 19 19 19 19 13 13 13 0 0 0
3 3 3 3 5 5 5 5 5 5 19 19 19 19 13 13 13 0 0 0
3 3 3 3 9 5 5 5 5 5 19 19 19 19 14 14 14 0 0 0
3 3 9 9 9 9 5 5 4 4 4 19 19 8 14 14 14 0 0 17
9 9 9 9 9 9 9 4 4 4 4 4 8 8 8 8 8 17 17 17
9 9 9 9 9 9 9 4 4 4 4 4 8 8 8 8 8 17 17 17
9 9 9 9 9 9 9 4 4 4 4 4 8 8 8 8 8 17 17 17
