14.985441366954024 18.333108681462193 1.8889604029563836 18485.04431008032 4930
1.476782886216622 9.373881144518181 2.339761995255285 27045.86980914999 6403
9.504695465076205 0.4840951236679347 2.2523954910193043 25729.38922164209 6246
13.856403802048842 1.3468787907092763 2.7759330942901026 53654.481556694154 11049
18.73269376629948 9.859105119739858 2.661749591425987 40256.53127199386 8618
13.854232370179602 7.4398552208177495 3.00994427707445 65992.1421262005 12487
1.7188752991494345 5.03699946701984 2.3526097342311774 24197.00984301932 5707
9.703502729722551 5.085950283984869 2.857225003035493 37942.52363516239 7593
17.949326880545524 14.619709974906385 2.6263582202579117 41953.71359043792 9087
18.61219968214389 3.320220274219099 3.3686773721222147 78192.98255027455 12824
6.019158993261502 1.868528956267396 2.2292469161905895 17672.344925055433 4318
9.753967918354359 13.745291239308646 2.144616119690112 26130.226446608856 6534
10.020042067590426 10.287923171411247 2.4890094270101577 34884.40676708141 7895
13.238973362671995 15.30787857726765 1.9530761840957602 25252.505229415256 6632
15.875126261688424 15.424192121355889 1.2441180734095247 6549.954387368769 1982
5.665801916185671 6.6958016675787055 2.5728222312044675 48285.63548353284 10642
6.236197423120069 10.828876569209303 2.4097790382079514 31667.770348931746 7343
18.082600271075542 19.072017191526555 2.1166624771111158 21486.654234257254 5413
0 18.08520590337284 2.960215829308415 33097.582576731824 6380
14.323202508967256 12.404096872474506 2.3570826187863316 33407.592105754244 7869
5.455135106133673 18.158952954981384 2.564113529093007 39038.268322777505 8628
10.5106974350443 17.931400308170062 2.550178262103005 36076.48510776764 8009
6.518425239327286 15.213340633471693 2.3626533511309162 39790.181805846674 9357
1.2563832391093657 1.8941831923385428 2.641507702723706 33505.292790880434 7221
2.272985809185877 13.434634975357767 2.4023522867128895 37716.01626616158 8765
