3.964852183254512 4.433731138595923 4.375471879158719 3.8106023399918802 3.7949035096210446 3.812495334679018 3.3801120222374124 3.1952703997531815 3.793946838696367 3.9754661136946843 3.676190940478766 3.0 3.3476362322338513 3.5345424840796973 3.293376197043853 3.363430888396583 4.364974243854604 4.999125647236262 5.052654579639339 4.506696953759658
4.093975401895836 4.578124323699697 4.517967736759097 3.6469582495806754 4.151702110477268 4.170947927145641 3.6979117336698755 3.3914907608275753 4.026931696141785 4.2195980019782064 3.901944452223776 3.2806722271293465 3.9250446250627458 4.144188919217022 3.8614256877876825 3.1751848031637713 3.852076250063225 4.411712899317213 4.458952016361587 3.9771461025803294
3.7305824854378598 4.17175697006928 4.116940053113599 3.521027591021537 4.008342481675957 4.026923734013813 3.57022163467624 3.1767778804260955 3.771989499735023 3.9524582380709647 3.654915109794104 3.3945512576134 4.061291176245917 4.288042429592284 3.995463891901799 3.2854021433789455 3.0 3.4358454606744626 3.4726353220202233 3.097404499078946
3.0 3.3547766224337803 3.310694833193369 3.0000000000000004 3.41520398070471 3.431035653582171 3.3762340896481273 3.2502636695004945 3.118027036823534 3.2672073050804915 3.021250226288656 3.0996673552926444 3.7084877275349233 3.9155411506326145 3.648378844538564 3.0 3.0 3.467664830954238 3.537253319072318 3.184259120655233
3.151611565379793 3.5130339930680887 3.4557730111291804 3.0 3.0834087940698485 3.811454766569029 4.157800270144456 4.002668892102295 3.4005479149635542 3.198825065060189 3.548032222792986 3.4729442371088215 3.0 3.155278519866643 3.193330802048886 3.279634849479156 3.5984535255614047 4.159410245470857 4.242880558939855 3.81946948634096
3.579806698869045 3.9903339484744897 3.925293177276525 3.40759635945585 3.351007261883451 4.1422378458792775 4.518641487146069 4.350046789172493 3.695669798743967 3.733358583713035 4.140919332831786 4.0532839135180945 3.5013092380306094 3.317462177876708 3.8607739383900537 3.965116531673086 3.5937737129231766 4.40290779246149 4.491264571890024 4.043066437793946
3.588390159473196 3.9999017483936745 3.9347050260664447 3.4157669037244762 3.2139034144525898 3.972761416477399 4.3337647964580785 4.172068019002775 3.544464352547158 3.845228123069366 4.265001369927427 4.174739968198682 3.606225452966756 3.53956288704026 4.119248815769185 4.230577039248296 3.834373197534161 4.113018029755976 4.195557352397017 3.7768688189699833
3.2043253680147377 3.538364702875148 3.480690840981299 3.0216314813836482 3.6107773536737824 3.362506450619925 3.6680561845772592 3.531197611851789 3.0 3.495084696056287 3.8766337235653126 3.7945914535803245 3.2778454197749545 3.3327786857314736 3.8785988814284913 3.9834232177017714 3.610365933226188 3.3907426259640525 3.4587874527973996 3.113623622485271
3.8674234408340413 3.625892258190587 3.0000000000000004 3.9005483207171645 4.467642764618259 4.515900933673764 4.028316290762855 3.171143601177682 3.1318079638357825 3.67885241002996 3.8136672342249702 3.488883082410306 3.2899564226197406 3.6111841003463385 3.498020122358762 3.3099884815350755 3.0 3.4582483775720987 3.428720810754363 2.9999999999999996
4.119267848461592 3.8620082930275683 3.195358288131934 4.259087687677539 4.8783095932083524 4.931003665106525 4.398600121150252 3.462635905802598 3.5577051651158924 4.179142646036432 4.332291051657489 3.963339229642323 3.615102860753049 3.9680774742519658 3.84372949877595 3.2857815020829175 3.7179571063715695 4.17702550271415 4.141360800192879 3.6235328235561926
3.8719659443836054 3.6301510699563893 3.0035236665591896 4.104126047557783 4.700818329583366 4.751595192819797 4.238562493614087 3.3366521791342882 3.566629310016289 4.189625604236101 4.343158167200051 3.9732808667182575 3.5056161573993427 3.8479006112297465 3.727318628155048 3.1862685978971954 3.963040492782011 4.452370141191443 4.414354463169604 3.862391871619075
3.2118571047360955 3.0112678346815613 3.1584443436404874 3.4901009522938624 3.997521113758715 4.040701166389266 3.604424139000885 3.736767218885127 3.155434603963605 3.706606002516741 3.8424378818351603 3.515203529253796 3.0000000000000004 3.2929166558420335 3.1897262513647617 3.144674108394114 3.727913565169493 4.188211318237513 4.152451107852371 3.6332364199744602
4.138818611791 4.322224656473252 3.9833775310980646 3.239729809378108 3.0 3.724885446441244 4.459416827548724 4.711469729959188 4.392865758729487 3.614536780168351 3.0 3.277270902657852 3.447064996241926 3.0 3.5328224445360754 3.6714325737988163 3.3671502219366563 3.4767951277122564 3.4471092031526167 3.0160891423477025
4.606465512797305 4.810594685614997 4.433461077318048 3.605788278608248 3.055163904450447 4.144636733241253 4.961941261831543 5.2423975961460805 4.88789066123436 4.02185305511881 3.244298794246633 3.8667383489943283 4.06707251501088 3.775132819003414 3.639945762627456 3.7827588704436947 3.4692499764385696 3.1278163780875445 3.260803715485026 3.0
4.524519294078454 4.7250171331118915 4.354592502243706 3.5416434990344454 2.9999999999999996 4.069801355538185 4.872348669677098 5.147741096812676 4.799635123451989 3.9492346540820837 3.37805314980721 4.026154336482374 4.234747780996895 3.9307721387408057 3.3096434067791596 3.43949711656204 3.1544371976302537 3.5378361711634785 3.688256578143765 3.393264575198594
3.9218434589957853 4.095634548711148 3.774551286336153 3.0698888628813394 3.0511156163050344 3.526737552605786 4.222195021719124 4.460839793204258 4.159184183682457 3.4222589610302 3.1040256505280945 3.699552901984224 3.8912252569150616 3.6119081032602995 3.1054960951494373 3.2746057847966177 3.047195032381818 3.5314037685514363 3.681550685021718 3.387095028939
3.0000000000000004 3.132940866864581 4.423703279311145 4.604364811049788 4.229282089438053 3.428283827480689 3.2288763143657153 3.4113772282817716 3.0477807653172793 3.3932964322602337 3.3340573568107343 3.0 3.1554287991081598 3.7437150801296286 3.0573980944587413 3.2238886090304293 3.0000000000000004 3.1107866331440674 3.243049906158341 3.3556365524358562
3.4330431480285695 4.588139559971013 5.411369220807232 5.632366469154913 5.173540239900583 4.193705683422118 3.0 3.0 3.7848279444199933 4.213899932261767 4.140335025391069 3.5900453995629484 3.442784420465119 4.215399280322597 4.554920431888837 4.343462361145923 3.6551442393185454 3.329966423469161 3.807467880266759 3.8418980132909955
3.7060701011672785 4.953030331982843 5.841730735929471 6.080303704350189 5.584987421813141 4.527227470284235 3.2385874060122113 3.2877354327208863 4.14783764654059 4.618062705745717 4.537442055437849 3.934373155073239 3.421046261142614 4.188782736858849 4.526160110603208 4.316037211822998 3.632065214286154 3.3645265498366417 3.8469837655185564 3.881771232400509
3.5307030080523556 4.71865847507806 5.565306569641469 5.792590531965254 5.320712062062579 4.313004128668619 3.0853410712998475 3.1796964308644236 4.011534635436061 4.466307524877524 4.388336167606314 3.8050848478771826 3.000000000000001 3.673247086223103 3.96910164181015 3.784839679760538 3.1850477342622026 3.0 3.4301858301923693 3.4612042808123906
